0,025 2,485 -2,843
0,050 2,380 -2,697
0,078 2,730 -2,989
0,103 3,255 -3,451
0,128 3,605 -3,766
0,153 4,060 -4,131
0,178 4,270 -4,374
0,203 4,585 -4,617
0,228 4,725 -4,714
0,253 4,900 -4,811
0,278 4,935 -4,836
0,303 5,005 -4,836
0,328 4,865 -4,690
0,353 4,795 -4,520
0,378 4,585 -4,277
0,403 4,270 -4,058
0,428 4,025 -3,669
0,453 3,640 -3,305
0,478 3,150 -2,892
0,503 2,765 -2,406
0,528 2,275 -1,895
0,553 1,750 -1,361
0,578 1,190 -0,778
0,603 0,595 -0,219
0,628 -0,000 0,389
0,653 -0,595 0,972
0,678 -1,155 1,628
0,704 -1,715 2,211
0,729 -2,415 2,819
0,754 -2,905 3,329
0,779 -3,465 3,912
0,804 -3,955 4,350
0,829 -4,410 4,763
0,854 -4,760 5,249
0,879 -5,110 5,540
0,904 -5,460 5,759
0,929 -5,775 6,075
0,954 -5,915 6,318
0,979 -6,055 6,367
1,004 -6,090 6,391
1,029 -6,090 6,318
1,054 -5,985 6,269
1,079 -5,950 6,099
1,104 -5,740 5,881
1,129 -5,600 5,589
1,154 -5,250 5,273
1,179 -4,865 4,860
1,204 -4,480 4,423
1,229 -4,060 3,961
1,254 -3,605 3,402
1,279 -3,080 2,843
1,304 -2,555 2,284
1,329 -2,030 1,652
1,354 -1,435 1,045
1,379 -0,910 0,462
1,404 -0,175 -0,121
1,429 0,315 -0,753
1,454 0,910 -1,288
1,479 1,540 -1,823
1,504 1,925 -2,357
1,529 2,415 -2,867
1,554 2,975 -3,305
1,579 3,395 -3,718
1,604 3,745 -4,058
1,629 4,130 -4,325
1,654 4,375 -4,593
1,679 4,655 -4,787
1,704 4,760 -4,884
1,729 4,830 -5,006
1,754 4,900 -4,909
1,779 4,760 -4,836
1,806 4,585 -4,714
1,831 4,515 -4,495
1,856 4,340 -4,228
1,881 4,060 -3,888
1,906 3,605 -3,451
1,931 3,150 -3,110
1,956 2,730 -2,551
1,981 2,310 -2,090
2,007 1,715 -1,531
2,032 1,155 -0,972
2,057 0,665 -0,316
2,082 0,140 0,194
2,107 -0,455 0,826
2,132 -0,980 1,434
2,157 -1,575 2,041
2,182 -2,205 2,600
2,207 -2,835 3,232
2,232 -3,255 3,766
2,257 -3,710 4,277
2,282 -4,200 4,763
2,307 -4,620 5,152
2,332 -4,970 5,540
2,357 -5,320 5,832
2,382 -5,635 6,099
2,407 -5,775 6,318
2,432 -5,950 6,391
2,457 -5,985 6,415
2,482 -5,985 6,439
2,507 -6,020 6,391
2,532 -5,880 6,269
2,557 -5,705 6,002
2,582 -5,530 5,808
2,607 -5,320 5,492
2,632 -4,935 5,103
2,657 -4,550 4,739
2,682 -4,130 4,180
2,707 -3,675 3,694
2,732 -3,150 3,086
2,757 -2,625 2,576
2,782 -2,030 1,968
2,807 -1,540 1,385
2,832 -0,945 0,729
2,857 -0,420 0,097
2,882 0,140 -0,510
2,907 0,735 -1,045
2,932 1,295 -1,604
2,957 1,750 -2,236
2,982 2,275 -2,697
3,007 2,695 -3,135
3,032 3,150 -3,596
3,057 3,535 -3,985
3,082 3,990 -4,301
3,107 4,200 -4,544
3,132 4,445 -4,787
3,157 4,655 -4,884
3,182 4,690 -4,957
3,207 4,655 -4,957
3,232 4,620 -4,933
3,257 4,515 -4,763
3,282 4,445 -4,641
3,307 4,200 -4,350
3,332 3,955 -4,082
3,357 3,710 -3,742
3,382 3,290 -3,353
3,407 2,835 -2,892
3,432 2,345 -2,406
3,457 1,820 -1,920
3,482 1,365 -1,288
3,507 0,805 -0,778
3,532 0,245 -0,146
3,557 -0,350 0,486
3,582 -0,910 1,069
3,607 -1,470 1,750
3,632 -2,030 2,357
3,658 -2,590 2,965
3,683 -3,045 3,475
3,708 -3,570 4,034
3,733 -3,990 4,520
3,758 -4,375 4,933
3,783 -4,760 5,370
3,808 -5,145 5,662
3,833 -5,425 5,978
3,858 -5,565 6,245
3,883 -5,705 6,367
3,908 -5,845 6,464
3,933 -5,845 6,537
3,959 -5,810 6,415
3,984 -5,880 6,318
4,009 -5,635 6,172
4,034 -5,390 5,978
4,059 -5,145 5,686
4,084 -4,760 5,297
4,109 -4,550 4,860
4,134 -4,200 4,471
4,159 -3,640 3,985
4,184 -3,185 3,426
4,209 -2,625 2,794
4,234 -2,170 2,284
4,259 -1,575 1,652
4,284 -1,085 1,093
4,309 -0,455 0,437
4,334 0,070 -0,146
4,359 0,665 -0,778
4,384 1,155 -1,409
4,409 1,680 -1,944
4,434 2,135 -2,479
4,459 2,695 -2,989
4,484 3,185 -3,426
4,509 3,570 -3,815
4,534 3,850 -4,131
4,559 4,165 -4,423
4,584 4,375 -4,666
4,609 4,585 -4,836
4,634 4,585 -4,933
4,659 4,655 -4,981
4,684 4,585 -4,909
4,709 4,585 -4,884
4,734 4,480 -4,763
4,759 4,270 -4,544
4,784 3,955 -4,252
4,809 3,570 -3,912
4,834 3,255 -3,523
4,859 2,905 -3,086
4,884 2,310 -2,600
4,909 1,925 -2,114
4,934 1,470 -1,555
4,959 0,945 -0,996
4,984 0,315 -0,389
5,009 -0,175 0,170
5,034 -0,910 0,850
5,059 -1,330 1,409
5,084 -2,030 2,017
5,109 -2,520 2,576
5,134 -3,115 3,135
5,159 -3,500 3,742
5,184 -3,920 4,252
5,209 -4,200 4,763
5,234 -4,795 5,127
5,259 -5,075 5,492
5,284 -5,390 5,832
5,309 -5,600 6,075
5,334 -5,740 6,245
5,359 -5,775 6,391
5,384 -5,845 6,512
5,409 -5,880 6,464
5,434 -5,880 6,439
5,459 -5,705 6,269
5,484 -5,565 6,026
5,509 -5,215 5,808
5,534 -4,935 5,492
5,559 -4,620 5,127
5,584 -4,375 4,739
5,609 -3,780 4,204
5,634 -3,395 3,766
5,659 -2,800 3,135
5,684 -2,310 2,624
5,709 -1,785 2,017
5,734 -1,295 1,458
5,759 -0,630 0,826
5,784 -0,035 0,219
5,809 0,525 -0,389
5,834 1,015 -0,948
5,859 1,610 -1,555
5,884 2,065 -2,114
5,909 2,660 -2,649
5,934 2,975 -3,062
5,959 3,465 -3,523
5,984 3,955 -3,864
6,009 4,060 -4,204
6,034 4,270 -4,447
6,059 4,445 -4,666
6,084 4,620 -4,811
6,109 4,620 -4,884
6,134 4,620 -4,884
6,159 4,515 -4,836
6,184 4,375 -4,787
6,209 4,375 -4,593
6,234 4,025 -4,374
6,259 3,815 -4,082
6,284 3,360 -3,718
6,309 2,940 -3,329
6,334 2,380 -2,940
6,359 2,065 -2,381
6,384 1,470 -1,871
6,409 1,015 -1,337
6,434 0,455 -0,753
6,459 -0,035 -0,097
6,484 -0,630 0,486
6,509 -1,190 1,021
6,534 -1,820 1,652
6,559 -2,380 2,236
6,584 -2,835 2,819
6,609 -3,325 3,305
6,634 -3,780 3,864
6,659 -4,235 4,398
6,684 -4,585 4,884
6,709 -5,005 5,273
6,734 -5,285 5,589
6,759 -5,565 5,832
6,784 -5,705 6,099
6,809 -5,775 6,221
6,834 -5,950 6,367
6,859 -5,915 6,415
6,884 -5,845 6,391
6,909 -5,670 6,196
6,934 -5,565 6,099
6,959 -5,355 5,929
6,984 -5,075 5,638
7,009 -4,690 5,224
7,034 -4,375 4,811
7,059 -3,955 4,423
7,084 -3,465 3,937
7,109 -2,975 3,451
7,134 -2,485 2,916
7,159 -1,960 2,308
7,184 -1,365 1,725
7,209 -0,700 1,166
7,234 -0,175 0,535
7,259 0,455 -0,073
7,284 0,980 -0,583
7,309 1,505 -1,166
7,334 1,995 -1,774
7,359 2,415 -2,284
7,384 2,870 -2,746
7,409 3,395 -3,208
7,434 3,745 -3,523
7,459 4,025 -3,937
7,484 4,270 -4,204
7,509 4,550 -4,447
7,534 4,620 -4,617
7,559 4,760 -4,739
7,584 4,725 -4,836
7,609 4,795 -4,811
7,634 4,620 -4,690
7,660 4,410 -4,593
7,685 4,130 -4,374
7,710 3,780 -4,180
7,735 3,500 -3,791
7,760 3,150 -3,426
7,785 2,730 -3,013
7,810 2,170 -2,576
7,835 1,750 -2,114
7,860 1,190 -1,531
7,885 0,665 -1,021
7,910 -0,035 -0,486
7,935 -0,595 0,097
7,960 -1,050 0,680
7,985 -1,645 1,312
8,010 -2,310 1,920
8,035 -2,765 2,527
8,060 -3,290 3,037
8,085 -3,745 3,645
8,110 -4,130 4,082
8,135 -4,445 4,544
8,160 -4,935 4,909
8,185 -5,250 5,297
8,210 -5,565 5,613
8,235 -5,740 5,759
8,260 -5,950 6,075
8,285 -5,985 6,148
8,310 -5,950 6,196
8,335 -5,985 6,245
8,360 -5,845 6,172
8,385 -5,670 6,075
8,410 -5,425 5,808
8,435 -5,215 5,589
8,460 -4,865 5,297
8,485 -4,480 4,933
8,510 -4,095 4,544
8,535 -3,640 4,082
8,560 -3,185 3,572
8,585 -2,695 3,013
8,610 -2,100 2,551
8,635 -1,505 1,968
8,660 -1,015 1,361
8,685 -0,385 0,778
8,710 0,140 0,170
8,735 0,770 -0,364
8,760 1,260 -0,875
8,785 1,820 -1,482
8,810 2,415 -1,993
8,835 2,905 -2,503
8,860 3,290 -2,892
8,885 3,675 -3,329
8,910 3,955 -3,645
8,935 4,305 -4,010
8,960 4,445 -4,204
8,985 4,725 -4,447
9,010 4,865 -4,568
9,035 4,760 -4,617
9,060 4,760 -4,593
9,085 4,725 -4,593
9,110 4,550 -4,520
9,135 4,305 -4,374
9,160 4,060 -4,107
9,185 3,780 -3,864
9,210 3,255 -3,499
9,235 2,975 -3,135
9,260 2,450 -2,649
9,285 1,995 -2,260
9,311 1,295 -1,677
9,336 0,910 -1,166
9,361 0,280 -0,559
9,386 -0,350 -0,073
9,411 -0,875 0,583
9,436 -1,540 1,093
9,461 -2,065 1,701
9,486 -2,450 2,236
9,511 -3,045 2,819
9,536 -3,605 3,329
9,561 -4,060 3,791
9,586 -4,480 4,277
9,611 -4,900 4,714
9,636 -5,250 5,054
9,661 -5,495 5,419
9,686 -5,775 5,638
9,711 -5,915 5,905
9,736 -5,985 6,002
9,761 -6,055 6,075
9,786 -6,055 6,051
9,814 -5,985 6,051
9,839 -5,740 5,954
9,864 -5,635 5,759
9,889 -5,355 5,565
9,914 -5,075 5,297
9,939 -4,760 4,909
9,964 -4,235 4,520
9,989 -3,885 4,107
10,014 -3,430 3,645
10,039 -2,975 3,135
10,064 -2,345 2,649
10,089 -1,785 1,993
10,114 -1,190 1,409
10,139 -0,595 0,875
10,164 -0,035 0,316
10,189 0,560 -0,243
10,214 1,190 -0,778
10,239 1,785 -1,385
10,264 2,240 -1,847
10,289 2,730 -2,308
10,314 3,185 -2,770
10,339 3,570 -3,159
10,364 3,920 -3,499
10,389 4,235 -3,815
10,414 4,620 -4,082
10,439 4,795 -4,301
10,464 4,865 -4,398
10,489 4,830 -4,471
10,514 4,900 -4,520
10,539 4,795 -4,471
10,564 4,760 -4,398
10,589 4,480 -4,252
10,614 4,270 -4,082
10,639 3,990 -3,766
10,664 3,535 -3,426
10,689 3,115 -3,037
10,714 2,660 -2,722
10,739 2,275 -2,211
10,764 1,715 -1,774
10,789 1,120 -1,191
10,814 0,630 -0,705
10,839 -0,070 -0,194
10,864 -0,630 0,413
10,889 -1,260 1,021
10,914 -1,855 1,579
10,939 -2,380 2,163
10,964 -2,870 2,673
10,989 -3,395 3,208
11,014 -3,885 3,669
11,039 -4,340 4,107
11,064 -4,760 4,520
11,089 -5,110 4,933
11,114 -5,460 5,200
11,139 -5,705 5,492
11,164 -5,880 5,710
11,189 -6,020 5,881
11,214 -6,090 6,002
11,239 -6,055 5,978
11,264 -6,020 5,978
11,289 -5,985 5,856
11,314 -5,810 5,735
11,339 -5,600 5,492
11,364 -5,215 5,200
11,389 -4,935 4,933
11,414 -4,550 4,568
11,439 -4,130 4,180
11,464 -3,640 3,645
11,489 -3,185 3,208
11,514 -2,625 2,722
11,539 -2,100 2,138
11,564 -1,540 1,652
11,589 -0,910 1,045
11,614 -0,420 0,486
11,639 0,210 -0,097
11,664 0,770 -0,656
11,689 1,470 -1,142
11,714 1,925 -1,628
11,739 2,380 -2,138
11,764 2,940 -2,600
11,789 3,325 -3,013
11,814 3,745 -3,378
11,839 4,130 -3,645
11,864 4,375 -3,912
11,889 4,550 -4,155
11,914 4,725 -4,325
11,939 4,830 -4,447
11,964 4,830 -4,471
11,989 4,970 -4,374
12,014 4,795 -4,301
12,039 4,550 -4,228
12,064 4,410 -3,985
12,089 4,095 -3,718
12,114 3,815 -3,475
12,139 3,395 -3,110
12,164 2,975 -2,746
12,189 2,485 -2,308
12,214 1,960 -1,774
12,239 1,505 -1,264
12,264 0,875 -0,778
12,289 0,350 -0,267
12,314 -0,175 0,316
12,339 -0,805 0,850
12,364 -1,330 1,482
12,389 -1,925 2,041
12,414 -2,625 2,503
12,439 -3,115 3,013
12,464 -3,570 3,523
12,489 -4,130 3,985
12,514 -4,515 4,398
12,539 -4,970 4,763
12,564 -5,250 5,103
12,589 -5,565 5,419
12,614 -5,775 5,662
12,639 -5,880 5,856
12,664 -6,055 5,881
12,689 -6,125 5,905
12,714 -6,020 5,905
12,739 -5,985 5,856
12,764 -5,775 5,710
12,789 -5,705 5,565
12,814 -5,425 5,273
12,839 -5,250 5,030
12,864 -4,830 4,641
12,889 -4,340 4,252
12,914 -3,990 3,791
12,939 -3,535 3,329
12,964 -2,940 2,746
12,989 -2,485 2,284
13,014 -1,785 1,701
13,039 -1,295 1,166
13,064 -0,630 0,583
13,089 -0,105 0,049
13,114 0,420 -0,510
13,139 0,945 -1,045
13,164 1,610 -1,579
13,189 2,135 -1,968
13,214 2,625 -2,479
13,239 3,010 -2,916
13,264 3,465 -3,280
13,289 3,850 -3,572
13,314 4,095 -3,912
13,339 4,410 -4,107
13,364 4,690 -4,277
13,389 4,760 -4,398
13,414 4,795 -4,398
13,439 4,830 -4,374
13,464 4,830 -4,350
13,489 4,690 -4,252
13,514 4,550 -4,082
13,539 4,200 -3,839
13,564 3,920 -3,596
13,589 3,570 -3,208
13,614 3,115 -2,819
13,639 2,695 -2,381
13,664 2,310 -1,968
13,689 1,680 -1,458
13,714 1,225 -0,972
13,739 0,630 -0,389
13,764 0,035 0,194
13,789 -0,595 0,778
13,814 -1,155 1,312
13,839 -1,645 1,920
13,864 -2,240 2,430
13,889 -2,765 2,940
13,914 -3,220 3,475
13,939 -3,815 3,937
13,964 -4,270 4,325
13,989 -4,690 4,739
14,014 -4,935 5,054
14,039 -5,285 5,322
14,064 -5,565 5,565
14,089 -5,810 5,808
14,114 -5,880 5,905
14,139 -5,985 5,978
14,164 -5,950 5,954
14,189 -5,950 5,881
14,214 -5,775 5,759
14,239 -5,740 5,613
14,264 -5,565 5,395
14,289 -5,285 5,079
14,314 -4,935 4,739
14,339 -4,515 4,350
14,364 -4,200 3,937
14,389 -3,710 3,499
14,414 -3,290 2,965
14,439 -2,800 2,430
14,464 -2,205 1,895
14,489 -1,645 1,385
14,514 -1,050 0,778
14,539 -0,490 0,194
14,564 0,105 -0,389
14,589 0,630 -0,923
14,614 1,190 -1,482
14,639 1,715 -1,920
14,664 2,310 -2,430
14,689 2,730 -2,770
14,714 3,115 -3,183
14,739 3,570 -3,523
14,764 3,920 -3,839
14,789 4,165 -4,082
14,814 4,375 -4,252
14,839 4,550 -4,374
14,864 4,620 -4,495
14,889 4,690 -4,495
14,914 4,795 -4,495
14,939 4,725 -4,325
14,964 4,550 -4,180
14,989 4,270 -3,912
15,014 3,990 -3,669
15,039 3,640 -3,353
15,064 3,360 -2,965
15,089 2,975 -2,576
15,114 2,590 -2,114
15,139 2,030 -1,604
15,164 1,470 -1,069
15,189 0,875 -0,535
15,214 0,350 0,000
15,239 -0,175 0,632
15,264 -0,770 1,166
15,289 -1,330 1,750
15,314 -1,820 2,260
15,339 -2,485 2,770
15,364 -2,870 3,353
15,389 -3,430 3,815
15,414 -3,885 4,301
15,439 -4,375 4,666
15,464 -4,690 4,981
15,489 -5,075 5,322
15,514 -5,320 5,613
15,539 -5,565 5,832
15,564 -5,705 5,881
15,589 -5,915 6,026
15,614 -5,915 6,026
15,639 -5,950 6,002
15,664 -5,845 5,905
15,689 -5,810 5,783
15,714 -5,600 5,540
15,739 -5,355 5,273
15,764 -4,970 4,981
15,789 -4,655 4,593
15,814 -4,340 4,180
15,839 -3,920 3,718
15,864 -3,535 3,208
15,889 -2,940 2,697
15,914 -2,415 2,090
15,939 -1,820 1,604
15,964 -1,295 1,045
15,989 -0,770 0,462
16,014 -0,245 -0,121
16,039 0,315 -0,632
16,065 0,945 -1,239
16,090 1,435 -1,798
16,115 1,925 -2,284
16,140 2,415 -2,697
16,165 2,835 -3,110
16,190 3,255 -3,475
16,215 3,640 -3,791
16,240 3,955 -4,082
16,265 4,165 -4,350
16,290 4,340 -4,447
16,315 4,445 -4,544
16,340 4,550 -4,568
16,365 4,585 -4,568
16,390 4,480 -4,423
16,415 4,410 -4,301
16,440 4,235 -4,107
16,465 3,990 -3,839
16,490 3,640 -3,548
16,515 3,395 -3,183
16,540 3,010 -2,794
16,565 2,485 -2,333
16,590 2,065 -1,847
16,615 1,575 -1,312
16,640 1,085 -0,753
16,665 0,560 -0,194
16,690 -0,000 0,316
16,715 -0,525 0,899
16,740 -1,120 1,507
16,765 -1,540 2,065
16,790 -2,135 2,624
16,815 -2,625 3,110
16,840 -3,185 3,548
16,865 -3,675 4,107
16,890 -4,095 4,544
16,915 -4,445 4,909
16,940 -4,725 5,249
16,965 -5,040 5,540
16,990 -5,355 5,808
17,015 -5,530 5,978
17,040 -5,670 6,099
17,065 -5,775 6,124
17,090 -5,845 6,099
17,115 -5,775 6,002
17,140 -5,670 5,905
17,165 -5,495 5,686
17,190 -5,285 5,467
17,215 -5,005 5,127
17,240 -4,690 4,811
17,265 -4,375 4,398
17,290 -3,990 3,961
17,315 -3,465 3,402
17,340 -3,010 2,916
17,365 -2,520 2,406
17,390 -1,960 1,774
17,415 -1,435 1,215
17,440 -0,875 0,632
17,465 -0,420 0,073
17,490 0,140 -0,510
17,515 0,700 -1,021
17,540 1,190 -1,628
17,565 1,750 -2,090
17,590 2,170 -2,551
17,615 2,660 -3,037
17,640 2,975 -3,402
17,665 3,500 -3,742
17,690 3,815 -4,010
17,715 3,990 -4,252
17,740 4,200 -4,423
17,765 4,305 -4,544
17,790 4,445 -4,593
17,815 4,445 -4,617
17,840 4,410 -4,593
17,865 4,305 -4,471
17,890 4,235 -4,252
17,915 4,060 -4,058
17,940 3,780 -3,815
17,965 3,500 -3,475
17,990 3,080 -3,013
18,015 2,625 -2,600
18,040 2,205 -2,114
18,065 1,750 -1,628
18,090 1,295 -1,142
18,115 0,700 -0,510
18,140 0,280 -0,024
18,165 -0,315 0,583
18,190 -0,875 1,191
18,215 -1,365 1,774
18,240 -1,855 2,308
18,265 -2,485 2,867
18,290 -2,975 3,378
18,315 -3,430 3,888
18,340 -3,850 4,325
18,365 -4,305 4,787
18,390 -4,585 5,127
18,415 -4,935 5,467
18,440 -5,145 5,710
18,465 -5,320 5,954
18,490 -5,425 6,051
18,515 -5,635 6,172
18,540 -5,600 6,172
18,565 -5,670 6,148
18,590 -5,635 6,051
18,615 -5,460 5,856
18,640 -5,285 5,638
18,665 -5,075 5,370
18,690 -4,690 5,054
18,715 -4,375 4,690
18,740 -3,990 4,204
18,765 -3,570 3,791
18,790 -3,185 3,305
18,815 -2,625 2,746
18,840 -2,065 2,187
18,865 -1,680 1,604
18,890 -1,155 0,972
18,915 -0,595 0,437
18,940 -0,070 -0,121
18,965 0,490 -0,705
18,990 1,050 -1,288
19,015 1,470 -1,798
19,040 1,960 -2,333
19,065 2,415 -2,794
19,090 2,800 -3,208
19,115 3,255 -3,548
19,140 3,570 -3,937
19,165 3,815 -4,131
19,190 4,095 -4,374
19,215 4,270 -4,520
19,240 4,375 -4,617
19,265 4,375 -4,690
19,290 4,375 -4,617
19,315 4,200 -4,544
19,340 4,095 -4,447
19,365 3,850 -4,204
19,390 3,745 -4,010
19,415 3,465 -3,694
19,440 3,080 -3,329
19,465 2,660 -2,940
19,490 2,240 -2,406
19,515 1,820 -1,895
19,540 1,400 -1,507
19,565 0,875 -0,875
19,590 0,420 -0,316
19,615 -0,140 0,267
19,640 -0,665 0,826
19,665 -1,260 1,385
19,690 -1,820 2,017
19,715 -2,310 2,600
19,740 -2,800 3,135
19,765 -3,325 3,645
19,790 -3,675 4,058
19,815 -4,060 4,471
19,840 -4,410 4,909
19,865 -4,830 5,273
19,890 -5,040 5,589
19,915 -5,180 5,856
19,940 -5,390 5,978
19,965 -5,600 6,124
19,990 -5,565 6,172
20,015 -5,565 6,172
20,040 -5,495 6,075
20,065 -5,425 6,002
20,090 -5,285 5,783
20,115 -5,075 5,516
20,140 -4,900 5,249
20,165 -4,515 4,933
20,190 -4,130 4,520
20,215 -3,640 4,082
20,240 -3,185 3,596
20,265 -2,765 3,086
20,290 -2,310 2,527
20,315 -1,785 1,944
20,340 -1,225 1,361
20,365 -0,700 0,826
20,390 -0,105 0,219
20,415 0,385 -0,364
20,440 0,875 -0,923
20,465 1,295 -1,482
20,490 1,785 -1,993
20,515 2,275 -2,430
20,540 2,765 -2,940
20,565 3,080 -3,305
20,590 3,465 -3,645
20,615 3,710 -3,912
20,640 3,990 -4,228
20,665 4,095 -4,374
20,690 4,200 -4,593
20,715 4,305 -4,617
20,740 4,305 -4,593
20,765 4,305 -4,568
20,790 4,235 -4,447
20,815 3,920 -4,252
20,840 3,675 -4,058
20,865 3,465 -3,791
20,890 3,150 -3,499
20,915 2,765 -3,062
20,940 2,415 -2,722
20,965 1,925 -2,211
20,990 1,470 -1,750
21,015 0,910 -1,191
21,040 0,385 -0,680
21,065 -0,140 -0,073
21,090 -0,700 0,510
21,115 -1,225 1,093
21,140 -1,645 1,652
21,165 -2,135 2,187
21,190 -2,660 2,697
21,215 -3,150 3,280
21,240 -3,535 3,718
21,265 -3,990 4,228
21,290 -4,305 4,666
21,315 -4,725 5,054
21,340 -5,040 5,370
21,365 -5,425 5,613
21,390 -5,460 5,808
21,415 -5,635 5,929
21,440 -5,600 6,099
21,465 -5,705 6,124
21,490 -5,495 6,148
21,515 -5,390 6,051
21,540 -5,285 5,808
21,565 -5,040 5,613
21,590 -4,830 5,322
21,615 -4,515 5,054
21,640 -4,200 4,666
21,665 -3,710 4,252
21,690 -3,290 3,815
21,715 -2,870 3,378
21,740 -2,345 2,843
21,765 -1,925 2,236
21,790 -1,365 1,628
21,815 -0,840 1,142
21,840 -0,315 0,535
21,865 0,175 -0,024
21,890 0,735 -0,559
21,915 1,295 -1,142
21,940 1,680 -1,628
21,965 2,100 -2,090
21,990 2,625 -2,551
22,015 3,045 -2,965
22,040 3,290 -3,378
22,065 3,640 -3,669
22,090 3,955 -4,010
22,115 4,095 -4,204
22,140 4,340 -4,374
22,165 4,410 -4,495
22,190 4,410 -4,544
22,215 4,305 -4,520
22,240 4,305 -4,495
22,265 4,095 -4,301
22,290 3,990 -4,131
22,315 3,745 -3,864
22,340 3,360 -3,596
22,365 2,975 -3,232
22,390 2,625 -2,867
22,415 2,030 -2,430
22,440 1,645 -1,968
22,465 1,050 -1,531
22,490 0,595 -0,972
22,515 0,105 -0,462
22,540 -0,490 0,097
22,565 -1,050 0,753
22,590 -1,540 1,288
22,615 -2,100 1,847
22,640 -2,555 2,430
22,665 -3,080 2,892
22,690 -3,360 3,451
22,715 -3,955 3,888
22,740 -4,340 4,350
22,765 -4,620 4,811
22,790 -4,900 5,127
22,815 -5,215 5,443
22,840 -5,320 5,638
22,865 -5,530 5,856
22,890 -5,600 5,929
22,915 -5,705 6,075
22,940 -5,635 6,051
22,965 -5,600 6,002
22,990 -5,530 5,881
23,015 -5,355 5,710
23,040 -5,145 5,443
23,065 -4,830 5,176
23,090 -4,340 4,811
23,115 -4,025 4,471
23,140 -3,570 4,082
23,165 -3,115 3,621
23,190 -2,660 3,037
23,215 -2,135 2,503
23,240 -1,610 1,968
23,265 -1,050 1,458
23,290 -0,560 0,875
23,315 -0,035 0,340
23,340 0,630 -0,194
23,365 1,085 -0,705
23,390 1,575 -1,312
23,415 2,030 -1,798
23,440 2,485 -2,260
23,465 2,835 -2,697
23,490 3,360 -3,110
23,515 3,605 -3,378
23,540 3,920 -3,718
23,565 4,130 -3,961
23,590 4,340 -4,180
23,615 4,410 -4,277
23,640 4,480 -4,374
23,665 4,340 -4,423
23,690 4,305 -4,374
23,715 4,165 -4,277
23,740 3,955 -4,131
23,765 3,710 -3,961
23,790 3,430 -3,621
23,815 3,150 -3,329
23,840 2,800 -3,013
23,865 2,275 -2,576
23,890 1,855 -2,138
23,915 1,330 -1,652
23,940 0,910 -1,166
23,965 0,280 -0,632
23,990 -0,175 -0,121
24,015 -0,805 0,462
24,040 -1,260 1,021
24,065 -1,855 1,579
24,090 -2,345 2,041
24,115 -2,905 2,576
24,140 -3,395 3,135
24,165 -3,815 3,621
24,190 -4,060 4,058
24,215 -4,585 4,471
24,240 -4,830 4,811
24,265 -5,285 5,127
24,290 -5,495 5,395
24,315 -5,565 5,589
24,340 -5,635 5,710
24,365 -5,740 5,808
24,390 -5,775 5,856
24,415 -5,810 5,929
24,440 -5,600 5,783
24,465 -5,355 5,589
24,490 -5,145 5,467
24,515 -4,935 5,200
24,540 -4,480 4,836
24,565 -4,130 4,495
24,590 -3,745 4,131
24,615 -3,325 3,694
24,640 -2,870 3,232
24,665 -2,240 2,794
24,690 -1,785 2,187
24,715 -1,260 1,701
24,740 -0,735 1,142
24,765 -0,175 0,607
24,790 0,385 0,073
24,815 0,910 -0,510
24,840 1,365 -1,021
24,865 1,925 -1,507
24,890 2,380 -2,017
24,915 2,800 -2,454
24,940 3,290 -2,867
24,965 3,535 -3,232
24,990 3,780 -3,499
25,015 4,130 -3,742
25,040 4,305 -3,961
25,065 4,410 -4,131
25,090 4,480 -4,204
25,115 4,550 -4,301
25,140 4,480 -4,301
25,165 4,340 -4,252
25,190 4,235 -4,131
25,215 3,955 -3,912
25,240 3,710 -3,718
25,265 3,360 -3,402
25,290 2,940 -3,037
25,315 2,555 -2,673
25,340 2,170 -2,260
25,365 1,610 -1,847
25,390 1,085 -1,312
25,415 0,595 -0,802
25,440 -0,000 -0,267
25,465 -0,490 0,219
25,490 -1,085 0,753
25,515 -1,610 1,337
25,540 -2,205 1,847
25,565 -2,590 2,357
25,590 -3,150 2,892
25,615 -3,605 3,329
25,640 -4,025 3,791
25,665 -4,410 4,204
25,690 -4,865 4,593
25,715 -5,145 4,860
25,740 -5,355 5,127
25,765 -5,600 5,346
25,790 -5,740 5,540
25,815 -5,775 5,638
25,840 -5,740 5,710
25,865 -5,705 5,686
25,890 -5,635 5,686
25,915 -5,495 5,565
25,940 -5,390 5,395
25,965 -5,075 5,152
25,990 -4,830 4,860
26,015 -4,480 4,593
26,040 -4,060 4,204
26,065 -3,605 3,766
26,090 -3,185 3,280
26,115 -2,590 2,770
26,140 -2,170 2,308
26,165 -1,575 1,798
26,190 -1,120 1,312
26,215 -0,525 0,753
26,240 0,105 0,243
26,265 0,630 -0,340
26,290 1,155 -0,826
26,315 1,715 -1,361
26,340 2,170 -1,774
26,365 2,590 -2,236
26,390 3,010 -2,624
26,415 3,325 -2,965
26,440 3,710 -3,280
26,465 3,955 -3,596
26,490 4,165 -3,864
26,515 4,410 -4,010
26,540 4,480 -4,058
26,565 4,620 -4,180
26,590 4,515 -4,131
26,615 4,410 -4,058
26,640 4,270 -4,010
26,665 4,130 -3,839
26,690 3,885 -3,645
26,715 3,605 -3,378
26,740 3,255 -3,037
26,765 2,835 -2,673
26,790 2,415 -2,260
26,815 1,890 -1,871
26,840 1,400 -1,312
26,865 0,875 -0,875
26,890 0,420 -0,364
26,915 -0,245 0,121
26,940 -0,700 0,656
26,965 -1,260 1,142
26,990 -1,785 1,701
27,015 -2,345 2,187
27,040 -2,870 2,746
27,065 -3,395 3,208
27,090 -3,850 3,645
27,115 -4,235 4,034
27,140 -4,620 4,447
27,165 -4,970 4,787
27,190 -5,215 5,054
27,215 -5,390 5,297
27,240 -5,635 5,516
27,265 -5,845 5,589
27,290 -5,775 5,686
27,315 -5,740 5,662
27,340 -5,740 5,613
27,365 -5,600 5,516
27,390 -5,565 5,370
27,415 -5,215 5,152
27,440 -5,005 4,860
27,465 -4,655 4,568
27,490 -4,305 4,228
27,515 -3,955 3,742
27,540 -3,465 3,378
27,565 -2,940 2,965
27,590 -2,520 2,479
27,615 -1,995 1,871
27,640 -1,505 1,409
27,665 -0,840 0,899
27,690 -0,280 0,413
27,715 0,245 -0,146
27,740 0,735 -0,632
27,765 1,330 -1,191
27,790 1,785 -1,652
27,815 2,275 -2,114
27,840 2,695 -2,503
27,865 3,080 -2,867
27,890 3,465 -3,135
27,915 3,850 -3,475
27,940 4,130 -3,742
27,965 4,340 -3,912
27,990 4,340 -4,034
28,015 4,515 -4,131
28,040 4,480 -4,082
28,065 4,515 -4,082
28,090 4,410 -3,961
28,115 4,305 -3,839
28,140 3,920 -3,621
28,165 3,710 -3,402
28,190 3,465 -3,086
28,215 3,115 -2,794
28,240 2,625 -2,357
28,265 2,240 -1,993
28,290 1,680 -1,482
28,315 1,260 -1,045
28,340 0,735 -0,510
28,365 0,140 0,024
28,390 -0,350 0,510
28,415 -0,875 0,972
28,440 -1,505 1,531
28,465 -1,995 2,065
28,490 -2,590 2,600
28,515 -3,045 3,037
28,540 -3,535 3,548
28,565 -3,955 3,961
28,590 -4,445 4,301
28,615 -4,725 4,714
28,640 -5,005 4,933
28,665 -5,250 5,200
28,690 -5,460 5,467
28,715 -5,600 5,540
28,740 -5,775 5,662
28,765 -5,705 5,710
28,790 -5,775 5,686
28,815 -5,705 5,589
28,840 -5,565 5,467
28,865 -5,390 5,224
28,890 -5,145 5,006
28,915 -4,795 4,666
28,940 -4,515 4,301
28,965 -4,130 3,888
28,990 -3,745 3,523
29,015 -3,220 3,037
29,040 -2,730 2,551
29,065 -2,275 2,041
29,090 -1,785 1,555
29,115 -1,120 1,069
29,140 -0,630 0,510
29,165 -0,105 0,000
29,190 0,385 -0,535
29,215 0,945 -1,045
29,240 1,540 -1,531
29,265 1,960 -1,968
29,290 2,380 -2,406
29,315 2,905 -2,794
29,340 3,255 -3,135
29,365 3,675 -3,402
29,390 3,885 -3,621
29,415 4,130 -3,839
29,440 4,200 -3,985
29,465 4,375 -4,082
29,490 4,480 -4,131
29,515 4,515 -4,107
29,540 4,375 -4,010
29,565 4,305 -3,888
29,590 4,095 -3,718
29,615 3,850 -3,475
29,640 3,535 -3,208
29,665 3,220 -2,843
29,690 2,870 -2,479
29,715 2,450 -2,065
29,740 1,995 -1,604
29,765 1,540 -1,142
29,790 0,980 -0,632
29,815 0,420 -0,121
29,840 -0,105 0,364
29,865 -0,560 0,850
29,890 -1,120 1,409
29,915 -1,680 1,993
29,940 -2,240 2,503
29,965 -2,695 2,892
29,990 -3,150 3,402
30,015 -3,675 3,815
30,040 -4,060 4,252
30,065 -4,375 4,617
30,090 -4,795 4,933
30,115 -5,005 5,103
30,140 -5,250 5,370
30,165 -5,460 5,540
30,190 -5,670 5,638
30,215 -5,705 5,710
30,240 -5,705 5,686
30,265 -5,600 5,589
30,290 -5,635 5,419
30,315 -5,355 5,297
30,340 -5,180 5,079
30,365 -4,970 4,787
30,390 -4,655 4,471
30,415 -4,165 4,058
30,440 -3,920 3,645
30,465 -3,395 3,208
30,490 -2,975 2,746
30,515 -2,590 2,187
30,540 -2,100 1,725
30,565 -1,470 1,191
30,590 -0,945 0,632
30,615 -0,385 0,073
30,640 0,070 -0,413
30,665 0,630 -0,948
30,690 1,120 -1,385
30,715 1,610 -1,871
30,740 2,170 -2,308
30,765 2,520 -2,697
30,790 2,870 -3,037
30,815 3,325 -3,402
30,840 3,640 -3,645
30,865 3,955 -3,864
30,890 4,130 -3,985
30,915 4,340 -4,131
30,940 4,305 -4,228
30,965 4,375 -4,228
30,990 4,305 -4,131
31,015 4,270 -3,985
31,040 3,990 -3,815
31,065 3,850 -3,621
31,090 3,640 -3,402
31,115 3,290 -3,013
31,140 2,975 -2,624
31,165 2,625 -2,260
31,190 2,170 -1,798
31,215 1,715 -1,361
31,240 1,155 -0,850
31,265 0,735 -0,364
31,290 0,175 0,170
31,315 -0,350 0,705
31,340 -0,770 1,288
31,365 -1,470 1,750
31,390 -1,925 2,284
31,415 -2,450 2,746
31,440 -2,940 3,232
31,465 -3,395 3,694
31,490 -3,745 4,131
31,515 -4,200 4,495
31,540 -4,550 4,884
31,565 -4,830 5,127
31,590 -5,075 5,419
31,615 -5,285 5,565
31,640 -5,390 5,735
31,665 -5,425 5,783
31,690 -5,600 5,808
31,715 -5,530 5,710
31,740 -5,460 5,613
31,765 -5,390 5,467
31,790 -5,215 5,224
31,815 -4,900 4,933
31,840 -4,725 4,641
31,865 -4,340 4,252
31,890 -3,990 3,912
31,915 -3,570 3,378
31,940 -3,220 2,940
31,965 -2,765 2,454
31,990 -2,275 1,944
32,015 -1,680 1,434
32,040 -1,190 0,850
32,065 -0,700 0,292
32,090 -0,140 -0,219
32,115 0,420 -0,802
32,140 0,840 -1,166
32,165 1,330 -1,774
32,190 1,820 -2,163
32,215 2,310 -2,600
32,240 2,695 -2,940
32,265 3,010 -3,353
32,290 3,290 -3,572
32,315 3,605 -3,864
32,340 3,850 -3,985
32,365 4,025 -4,155
32,390 4,165 -4,228
32,415 4,305 -4,301
32,440 4,270 -4,252
32,465 4,165 -4,155
32,490 4,025 -3,961
32,515 3,920 -3,839
32,540 3,640 -3,596
32,565 3,395 -3,280
32,590 3,080 -2,867
32,615 2,765 -2,527
32,640 2,240 -2,090
32,665 1,855 -1,579
32,690 1,400 -1,093
32,715 0,805 -0,607
32,740 0,385 -0,097
32,765 -0,070 0,389
32,790 -0,665 0,972
32,815 -1,120 1,507
32,840 -1,645 2,090
32,865 -2,135 2,527
32,890 -2,660 3,037
32,915 -3,150 3,572
32,940 -3,570 4,058
32,965 -3,885 4,423
32,990 -4,270 4,811
33,015 -4,515 5,079
33,040 -4,830 5,322
33,065 -5,075 5,565
33,090 -5,215 5,759
33,115 -5,320 5,832
33,140 -5,460 5,881
33,165 -5,530 5,783
33,190 -5,425 5,735
33,215 -5,355 5,589
33,240 -5,215 5,467
33,265 -5,040 5,200
33,290 -4,620 4,909
33,315 -4,305 4,520
33,340 -4,060 4,204
33,365 -3,675 3,718
33,390 -3,290 3,256
33,415 -2,835 2,770
33,440 -2,380 2,260
33,465 -1,925 1,701
33,490 -1,400 1,191
33,515 -0,840 0,632
33,540 -0,385 0,073
33,565 0,140 -0,437
33,590 0,560 -0,972
33,615 1,155 -1,434
33,640 1,575 -1,968
33,665 1,995 -2,430
33,690 2,450 -2,794
33,715 2,975 -3,135
33,740 3,115 -3,451
33,765 3,465 -3,742
33,790 3,675 -3,937
33,815 3,885 -4,155
33,840 3,920 -4,228
33,865 4,025 -4,374
33,890 4,095 -4,374
33,915 4,060 -4,301
33,940 3,955 -4,131
33,965 3,780 -4,010
33,990 3,640 -3,791
34,015 3,465 -3,475
34,040 3,150 -3,110
34,065 2,695 -2,794
34,090 2,310 -2,381
34,115 2,030 -1,968
34,140 1,505 -1,434
34,165 1,050 -0,972
34,190 0,525 -0,389
34,215 0,070 0,146
34,240 -0,525 0,680
34,265 -0,980 1,191
34,290 -1,575 1,774
34,315 -2,065 2,284
34,340 -2,450 2,746
34,365 -2,905 3,256
34,390 -3,395 3,742
34,415 -3,675 4,155
34,440 -4,130 4,544
34,465 -4,515 4,933
34,490 -4,760 5,200
34,515 -4,865 5,419
34,540 -5,075 5,613
34,565 -5,215 5,759
34,590 -5,215 5,832
34,615 -5,320 5,856
34,640 -5,250 5,881
34,665 -5,215 5,710
34,690 -5,075 5,565
34,715 -4,935 5,370
34,740 -4,725 5,152
34,765 -4,340 4,811
34,790 -4,165 4,398
34,815 -3,640 3,985
34,840 -3,325 3,548
34,865 -2,835 3,062
34,890 -2,450 2,576
34,915 -2,065 2,114
34,940 -1,575 1,555
34,965 -1,015 0,996
34,990 -0,595 0,437
35,015 -0,000 -0,097
35,040 0,490 -0,607
35,065 1,050 -1,093
35,090 1,435 -1,652
35,115 1,925 -2,090
35,140 2,275 -2,527
35,165 2,625 -2,940
35,190 2,975 -3,329
35,215 3,290 -3,621
35,240 3,570 -3,888
35,265 3,745 -4,107
35,290 3,920 -4,204
35,315 4,095 -4,325
35,340 4,095 -4,374
35,365 4,095 -4,350
35,390 4,025 -4,228
35,415 3,815 -4,082
35,440 3,605 -3,937
35,465 3,430 -3,718
35,490 3,150 -3,378
35,515 2,800 -3,013
35,540 2,415 -2,722
35,565 1,995 -2,236
35,590 1,715 -1,798
35,615 1,155 -1,288
35,640 0,665 -0,778
35,665 0,210 -0,292
35,690 -0,245 0,267
35,715 -0,875 0,826
35,740 -1,330 1,385
35,765 -1,855 1,944
35,790 -2,205 2,479
35,815 -2,695 2,965
35,840 -3,220 3,451
35,865 -3,675 3,937
35,890 -4,025 4,325
35,915 -4,305 4,641
35,940 -4,515 4,981
35,965 -4,725 5,273
35,990 -5,005 5,540
36,015 -5,180 5,710
36,040 -5,320 5,832
36,065 -5,250 5,881
36,090 -5,250 5,856
36,115 -5,320 5,759
36,140 -5,145 5,638
36,165 -4,935 5,467
36,190 -4,725 5,249
36,215 -4,480 4,933
36,240 -4,130 4,617
36,265 -3,815 4,277
36,290 -3,500 3,839
36,315 -3,115 3,378
36,340 -2,590 2,867
36,365 -2,170 2,406
36,390 -1,540 1,895
36,415 -1,155 1,337
36,440 -0,665 0,802
36,465 -0,140 0,267
36,490 0,350 -0,292
36,515 0,805 -0,850
36,540 1,295 -1,288
36,565 1,715 -1,774
36,590 2,240 -2,260
36,615 2,555 -2,673
36,640 2,870 -3,037
36,665 3,290 -3,378
36,690 3,430 -3,621
36,715 3,675 -3,864
36,740 3,815 -4,082
36,765 3,885 -4,180
36,790 4,025 -4,228
36,815 4,025 -4,277
36,840 3,990 -4,301
36,865 3,885 -4,082
36,890 3,745 -3,961
36,916 3,500 -3,766
36,941 3,150 -3,523
36,966 2,870 -3,208
36,991 2,555 -2,843
37,016 2,135 -2,430
37,041 1,680 -2,041
37,066 1,190 -1,555
37,091 0,805 -1,093
37,116 0,245 -0,559
37,141 -0,175 -0,049
37,166 -0,700 0,535
37,191 -1,190 1,069
37,216 -1,715 1,652
37,241 -2,170 2,187
37,266 -2,590 2,673
37,291 -3,080 3,159
37,316 -3,570 3,621
37,341 -3,850 3,985
37,366 -4,270 4,374
37,391 -4,515 4,763
37,416 -4,725 5,103
37,441 -4,970 5,322
37,466 -5,180 5,565
37,491 -5,250 5,662
37,516 -5,285 5,759
37,541 -5,285 5,710
37,566 -5,320 5,735
37,591 -5,180 5,638
37,616 -5,110 5,492
37,641 -4,795 5,322
37,666 -4,550 5,103
37,691 -4,305 4,811
37,716 -3,990 4,447
37,741 -3,605 4,034
37,766 -3,220 3,596
37,791 -2,765 3,159
37,816 -2,275 2,697
37,841 -1,750 2,114
37,866 -1,330 1,604
37,891 -0,805 1,118
37,916 -0,315 0,559
37,941 0,175 0,049
37,966 0,770 -0,462
37,991 1,295 -0,996
38,016 1,645 -1,507
38,041 2,135 -1,968
38,066 2,415 -2,430
38,091 2,940 -2,770
38,116 3,115 -3,183
38,141 3,465 -3,426
38,166 3,675 -3,645
38,191 3,815 -3,912
38,216 3,955 -4,034
38,241 3,990 -4,155
38,266 3,990 -4,204
38,291 4,060 -4,155
38,316 3,815 -4,107
38,341 3,850 -3,985
38,366 3,570 -3,742
38,391 3,325 -3,572
38,416 3,010 -3,305
38,441 2,695 -3,013
38,466 2,275 -2,624
38,491 1,890 -2,236
38,516 1,400 -1,701
38,541 0,910 -1,312
38,566 0,385 -0,753
38,591 -0,140 -0,292
38,616 -0,665 0,243
38,641 -1,050 0,778
38,666 -1,505 1,288
38,691 -1,995 1,798
38,716 -2,555 2,333
38,741 -2,905 2,843
38,766 -3,325 3,256
38,791 -3,710 3,694
38,816 -4,095 4,082
38,841 -4,445 4,544
38,866 -4,795 4,787
38,891 -4,970 5,103
38,916 -5,180 5,346
38,941 -5,285 5,492
38,966 -5,355 5,662
38,991 -5,355 5,710
39,016 -5,425 5,662
39,041 -5,320 5,565
39,066 -5,180 5,492
39,091 -4,935 5,273
39,116 -4,760 5,079
39,141 -4,445 4,860
39,166 -4,165 4,593
39,191 -3,815 4,131
39,216 -3,360 3,815
39,241 -2,905 3,353
39,266 -2,555 2,940
39,291 -2,030 2,406
39,316 -1,435 1,920
39,341 -1,050 1,385
39,366 -0,455 0,875
39,391 0,035 0,292
39,416 0,490 -0,219
39,441 0,980 -0,705
39,466 1,505 -1,191
39,491 2,065 -1,652
39,516 2,345 -2,065
39,541 2,765 -2,479
39,566 3,045 -2,843
39,591 3,325 -3,159
39,616 3,605 -3,451
39,641 3,920 -3,669
39,666 3,955 -3,815
39,691 4,095 -4,010
39,716 4,200 -3,985
39,741 4,165 -4,058
39,766 4,025 -4,010
39,791 3,990 -3,912
39,816 3,745 -3,766
39,841 3,465 -3,523
39,866 3,255 -3,305
39,891 2,940 -3,037
39,916 2,555 -2,673
39,941 2,100 -2,308
39,966 1,680 -1,895
39,991 1,190 -1,458
40,016 0,665 -0,948
40,041 0,140 -0,486
40,066 -0,385 0,000
40,091 -0,875 0,486
40,116 -1,365 0,996
40,141 -1,750 1,507
40,166 -2,310 2,017
40,191 -2,800 2,479
40,216 -3,220 2,965
40,241 -3,710 3,451
40,266 -4,025 3,839
40,291 -4,375 4,228
40,316 -4,725 4,593
40,341 -4,970 4,811
40,366 -5,250 5,103
40,391 -5,355 5,273
40,416 -5,425 5,467
40,441 -5,355 5,516
40,466 -5,565 5,540
40,491 -5,460 5,492
40,516 -5,320 5,419
40,541 -5,110 5,273
40,566 -4,970 5,103
40,591 -4,620 4,811
40,616 -4,305 4,544
40,641 -3,885 4,204
40,666 -3,605 3,864
40,691 -3,115 3,426
40,716 -2,590 3,013
40,741 -2,205 2,527
40,766 -1,715 2,090
40,791 -1,190 1,579
40,816 -0,700 1,045
40,841 -0,245 0,510
40,866 0,245 0,024
40,891 0,770 -0,462
40,916 1,190 -0,875
40,941 1,715 -1,409
40,966 2,205 -1,847
40,991 2,625 -2,260
41,016 3,045 -2,576
41,041 3,395 -2,965
41,066 3,640 -3,256
41,091 3,780 -3,499
41,116 4,095 -3,645
41,141 4,200 -3,766
41,166 4,165 -3,815
41,191 4,200 -3,864
41,216 4,165 -3,912
41,241 3,990 -3,864
41,266 3,780 -3,742
41,291 3,710 -3,621
41,316 3,430 -3,305
41,341 3,115 -3,013
41,366 2,765 -2,697
41,391 2,345 -2,357
41,416 1,960 -1,993
41,441 1,470 -1,531
41,466 0,980 -1,093
41,491 0,420 -0,680
41,516 -0,000 -0,170
41,541 -0,700 0,316
41,566 -1,085 0,802
41,591 -1,540 1,312
41,616 -2,100 1,774
41,641 -2,590 2,284
41,666 -3,045 2,770
41,691 -3,465 3,208
41,716 -3,815 3,694
41,741 -4,200 4,010
41,766 -4,445 4,374
41,791 -4,900 4,690
41,816 -5,075 4,957
41,841 -5,250 5,152
41,866 -5,460 5,297
41,891 -5,460 5,395
41,916 -5,565 5,395
41,941 -5,565 5,395
41,966 -5,425 5,297
41,991 -5,250 5,176
42,016 -5,110 5,030
42,041 -4,865 4,811
42,066 -4,550 4,520
42,091 -4,235 4,204
42,116 -3,920 3,864
42,141 -3,500 3,523
42,166 -3,045 3,013
42,191 -2,590 2,624
42,216 -1,960 2,187
42,241 -1,470 1,701
42,266 -1,050 1,215
42,291 -0,630 0,705
42,316 0,070 0,170
42,341 0,525 -0,292
42,366 0,945 -0,826
42,391 1,505 -1,191
42,416 2,030 -1,725
42,441 2,380 -2,065
42,466 2,835 -2,454
42,491 3,115 -2,770
42,516 3,395 -3,062
42,541 3,605 -3,353
42,566 3,920 -3,523
42,591 4,060 -3,669
42,616 4,235 -3,791
42,641 4,130 -3,864
42,666 4,235 -3,815
42,691 4,095 -3,742
42,716 4,060 -3,694
42,741 3,920 -3,426
42,766 3,605 -3,280
42,791 3,290 -2,989
42,816 2,975 -2,794
42,841 2,660 -2,381
42,866 2,240 -2,090
42,891 1,715 -1,652
42,916 1,260 -1,215
42,941 0,770 -0,729
42,966 0,385 -0,292
42,991 -0,175 0,219
43,016 -0,770 0,680
43,041 -1,260 1,191
43,066 -1,715 1,652
43,091 -2,240 2,163
43,116 -2,800 2,624
43,141 -3,290 3,086
43,166 -3,710 3,523
43,191 -4,165 3,912
43,216 -4,445 4,252
43,241 -4,725 4,568
43,266 -4,935 4,763
43,291 -5,180 4,981
43,316 -5,320 5,200
43,341 -5,495 5,297
43,366 -5,495 5,322
43,391 -5,460 5,346
43,416 -5,495 5,346
43,441 -5,390 5,249
43,466 -5,250 5,054
43,491 -5,005 4,860
43,516 -4,690 4,593
43,541 -4,375 4,325
43,566 -4,060 3,985
43,591 -3,745 3,621
43,616 -3,290 3,159
43,641 -2,870 2,722
43,666 -2,345 2,211
43,691 -1,925 1,798
43,716 -1,400 1,312
43,741 -0,875 0,802
43,766 -0,350 0,292
43,791 0,175 -0,146
43,816 0,700 -0,632
43,841 1,015 -1,045
43,866 1,575 -1,507
43,891 2,030 -1,944
43,916 2,555 -2,308
43,941 2,905 -2,649
43,966 3,255 -3,013
43,991 3,430 -3,256
44,016 3,815 -3,475
44,041 3,955 -3,621
44,066 4,165 -3,742
44,091 4,235 -3,815
44,116 4,235 -3,839
44,141 4,130 -3,766
44,166 4,025 -3,694
44,191 3,955 -3,523
44,216 3,815 -3,329
44,241 3,535 -3,086
44,266 3,220 -2,819
44,291 2,835 -2,503
44,316 2,555 -2,163
44,341 2,065 -1,701
44,366 1,575 -1,312
44,391 1,085 -0,875
44,416 0,630 -0,413
44,441 0,070 0,170
44,466 -0,420 0,583
44,491 -0,875 1,142
44,516 -1,435 1,579
44,541 -1,890 2,041
44,566 -2,345 2,527
44,591 -2,870 2,989
44,616 -3,360 3,378
44,641 -3,780 3,791
44,666 -4,165 4,155
44,691 -4,445 4,471
44,716 -4,760 4,714
44,741 -4,970 4,957
44,766 -5,180 5,176
44,791 -5,390 5,322
44,816 -5,425 5,370
44,841 -5,460 5,370
44,866 -5,425 5,322
44,891 -5,390 5,224
44,916 -5,180 5,054
44,941 -4,970 4,884
44,966 -4,760 4,666
44,991 -4,620 4,398
45,016 -4,235 4,034
45,041 -3,990 3,742
45,066 -3,535 3,256
45,091 -3,045 2,892
45,116 -2,555 2,454
45,141 -2,135 1,968
45,166 -1,680 1,409
45,191 -1,225 1,021
45,216 -0,805 0,486
45,241 -0,210 0,000
45,266 0,350 -0,486
45,291 0,700 -0,923
45,316 1,225 -1,385
45,341 1,750 -1,847
45,366 2,205 -2,260
45,391 2,660 -2,600
45,416 2,975 -2,892
45,441 3,325 -3,183
45,466 3,570 -3,451
45,491 3,745 -3,621
45,516 4,025 -3,742
45,541 4,060 -3,791
45,566 4,060 -3,815
45,591 4,060 -3,766
45,616 4,095 -3,669
45,641 3,920 -3,572
45,666 3,815 -3,426
45,691 3,605 -3,183
45,716 3,290 -2,916
45,741 2,905 -2,624
45,766 2,625 -2,260
45,791 2,310 -1,871
45,816 1,855 -1,482
45,841 1,365 -1,021
45,866 0,805 -0,559
45,891 0,385 -0,049
45,916 -0,035 0,437
45,941 -0,665 0,899
45,966 -1,085 1,409
45,991 -1,610 1,920
46,016 -2,100 2,430
46,041 -2,555 2,892
