0,025 3,500 6,391
0,050 4,480 7,144
0,075 4,970 6,828
0,100 5,250 6,269
0,125 5,425 5,516
0,150 5,460 4,739
0,175 5,670 3,937
0,200 5,705 3,086
0,225 5,600 2,333
0,250 5,355 1,531
0,275 5,180 0,705
0,300 4,900 -0,170
0,325 4,550 -0,972
0,350 4,060 -1,701
0,375 3,570 -2,406
0,400 3,080 -3,135
0,425 2,450 -3,742
0,450 1,960 -4,325
0,475 1,295 -4,836
0,500 0,630 -5,249
0,525 -0,140 -5,686
0,550 -0,770 -5,905
0,582 -1,750 -6,196
0,607 -2,520 -6,342
0,632 -3,185 -6,367
0,657 -3,920 -6,294
0,682 -4,585 -6,221
0,707 -5,180 -6,051
0,732 -5,880 -5,710
0,757 -6,335 -5,467
0,782 -6,895 -5,030
0,807 -7,350 -4,666
0,832 -7,770 -4,155
0,857 -8,050 -3,572
0,882 -8,295 -3,062
0,907 -8,435 -2,430
0,932 -8,610 -1,798
0,957 -8,610 -1,166
0,982 -8,505 -0,486
1,007 -8,295 0,146
1,032 -8,050 0,802
1,057 -7,630 1,361
1,082 -7,350 1,993
1,107 -6,790 2,551
1,132 -6,230 3,086
1,157 -5,565 3,548
1,182 -4,970 4,058
1,207 -4,235 4,423
1,232 -3,500 4,811
1,257 -2,520 5,103
1,282 -1,715 5,419
1,307 -0,805 5,565
1,332 0,105 5,783
1,357 1,050 5,759
1,382 1,925 5,905
1,407 2,765 5,905
1,432 3,675 5,856
1,457 4,480 5,759
1,482 5,285 5,613
1,507 6,055 5,443
1,532 6,615 5,224
1,563 7,315 4,909
1,588 7,805 4,641
1,617 8,120 4,252
1,642 8,505 3,912
1,678 8,645 3,402
1,703 8,750 3,013
1,728 8,645 2,624
1,753 8,365 2,260
1,778 7,945 1,871
1,804 7,665 1,458
1,829 7,105 1,021
1,855 6,405 0,680
1,880 5,810 0,364
1,905 5,145 0,073
1,930 4,235 -0,194
1,957 3,290 -0,486
1,982 2,380 -0,826
2,009 1,260 -1,021
2,034 0,280 -1,264
2,059 -0,630 -1,434
2,084 -1,645 -1,579
2,109 -2,625 -1,677
2,134 -3,640 -1,750
2,159 -4,585 -1,847
2,184 -5,425 -1,944
2,209 -6,160 -1,944
2,234 -7,000 -1,920
2,259 -7,630 -1,871
2,284 -8,330 -1,847
2,309 -8,890 -1,774
2,334 -9,310 -1,725
2,359 -9,695 -1,701
2,384 -9,940 -1,604
2,409 -10,255 -1,458
2,434 -10,220 -1,409
2,464 -10,115 -1,239
2,489 -9,905 -1,166
2,514 -9,765 -0,996
2,539 -9,380 -0,948
2,564 -9,030 -0,802
2,589 -8,435 -0,705
2,614 -7,875 -0,607
2,639 -7,245 -0,486
2,664 -6,475 -0,267
2,689 -5,600 -0,219
2,714 -4,795 -0,049
2,739 -3,780 0,024
2,764 -2,800 0,194
2,789 -1,785 0,316
2,814 -0,770 0,486
2,839 0,140 0,607
2,864 1,295 0,802
2,889 2,380 0,972
2,914 3,325 1,093
2,939 4,165 1,264
2,964 5,005 1,458
2,989 5,845 1,628
3,014 6,580 1,774
3,039 7,245 1,993
3,064 7,875 2,187
3,089 8,365 2,406
3,114 8,750 2,624
3,139 8,995 2,746
3,164 9,135 2,989
3,189 9,170 3,135
3,214 9,065 3,353
3,239 8,855 3,475
3,264 8,610 3,621
3,289 8,225 3,742
3,314 7,840 3,839
3,339 7,210 4,034
3,364 6,615 4,107
3,389 5,880 4,107
3,414 4,970 4,180
3,439 4,165 4,204
3,464 3,255 4,155
3,489 2,380 4,155
3,514 1,330 4,034
3,539 0,280 3,937
3,565 -0,630 3,815
3,590 -1,680 3,621
3,615 -2,625 3,402
3,640 -3,570 3,232
3,666 -4,515 2,940
3,691 -5,390 2,600
3,716 -6,090 2,284
3,741 -6,860 1,920
3,766 -7,420 1,555
3,791 -7,980 1,191
3,816 -8,365 0,729
3,841 -8,750 0,243
3,867 -9,100 -0,194
3,892 -9,310 -0,607
3,917 -9,415 -1,045
3,942 -9,345 -1,531
3,969 -9,310 -1,968
3,994 -9,100 -2,479
4,019 -8,785 -2,819
4,044 -8,435 -3,232
4,069 -8,015 -3,572
4,094 -7,560 -3,888
4,119 -6,965 -4,155
4,144 -6,440 -4,423
4,169 -5,670 -4,641
4,194 -4,935 -4,763
4,219 -4,200 -4,763
4,244 -3,395 -4,739
4,269 -2,590 -4,739
4,294 -1,645 -4,593
4,319 -0,945 -4,447
4,344 -0,105 -4,180
4,369 0,700 -3,888
4,394 1,645 -3,523
4,419 2,450 -3,183
4,444 3,185 -2,722
4,469 3,850 -2,187
4,494 4,480 -1,652
4,519 5,180 -1,142
4,544 5,635 -0,486
4,569 6,055 0,219
4,594 6,370 0,802
4,619 6,615 1,531
4,644 6,790 2,236
4,669 6,965 2,867
4,694 7,000 3,548
4,719 6,825 4,228
4,744 6,685 4,884
4,769 6,475 5,419
4,794 6,265 6,051
4,819 5,810 6,537
4,844 5,285 7,023
4,869 4,865 7,411
4,894 4,235 7,752
4,919 3,570 8,092
4,944 2,975 8,286
4,969 2,275 8,408
4,994 1,645 8,432
5,019 0,910 8,456
5,044 0,245 8,408
5,070 -0,560 8,165
5,095 -1,155 7,922
5,120 -1,925 7,533
5,145 -2,450 7,071
5,170 -3,150 6,561
5,195 -3,570 6,075
5,220 -4,165 5,346
5,245 -4,585 4,690
5,270 -4,970 3,912
5,295 -5,320 3,086
5,320 -5,635 2,260
5,345 -5,775 1,361
5,370 -6,020 0,510
5,395 -6,230 -0,340
5,420 -6,370 -1,191
5,445 -6,265 -2,065
5,470 -6,195 -2,892
5,495 -6,125 -3,742
5,520 -5,950 -4,544
5,545 -5,775 -5,297
5,570 -5,600 -5,856
5,595 -5,285 -6,464
5,620 -5,005 -6,974
5,645 -4,655 -7,363
5,670 -4,305 -7,703
5,695 -3,780 -7,946
5,720 -3,395 -8,165
5,745 -2,940 -8,213
5,770 -2,555 -8,165
5,795 -2,100 -8,092
5,820 -1,645 -7,800
5,845 -1,225 -7,484
5,872 -0,735 -7,047
5,897 -0,350 -6,512
5,922 0,105 -5,905
5,947 0,490 -5,224
5,972 0,945 -4,423
5,997 1,295 -3,694
6,022 1,540 -2,819
6,047 1,890 -1,847
6,072 2,065 -0,899
6,097 2,275 0,000
6,122 2,415 0,996
6,147 2,520 1,968
6,172 2,520 3,062
6,197 2,660 4,058
6,222 2,730 4,957
6,247 2,765 5,856
6,273 2,695 6,853
6,298 2,590 7,582
6,323 2,485 8,335
6,348 2,345 8,967
6,373 2,170 9,477
6,398 1,960 9,963
6,424 1,750 10,400
6,449 1,575 10,595
6,476 1,365 10,765
6,501 1,190 10,838
6,526 0,910 10,765
6,551 0,770 10,643
6,576 0,455 10,352
6,601 0,210 9,987
6,626 0,035 9,428
6,652 -0,105 8,870
6,677 -0,280 8,165
6,702 -0,455 7,460
6,727 -0,595 6,561
6,752 -0,770 5,686
6,777 -1,050 4,690
6,802 -1,120 3,694
6,827 -1,295 2,673
6,852 -1,470 1,604
6,877 -1,435 0,559
6,902 -1,645 -0,486
6,927 -1,680 -1,579
6,952 -1,925 -2,527
6,977 -1,855 -3,523
7,002 -2,065 -4,423
7,027 -2,135 -5,273
7,053 -2,275 -6,148
7,078 -2,310 -6,901
7,103 -2,520 -7,484
7,128 -2,450 -8,043
7,153 -2,520 -8,505
7,178 -2,625 -8,894
7,203 -2,730 -9,112
7,228 -2,800 -9,283
7,254 -2,870 -9,283
7,279 -2,940 -9,258
7,304 -2,835 -8,991
7,329 -2,975 -8,651
7,354 -2,975 -8,213
7,379 -3,010 -7,776
7,404 -2,940 -7,168
7,429 -3,045 -6,439
7,454 -2,940 -5,759
7,479 -3,080 -4,884
7,504 -2,870 -4,034
7,529 -2,835 -3,037
7,554 -2,765 -2,041
7,579 -2,695 -1,021
7,604 -2,590 -0,049
7,629 -2,450 1,021
7,655 -2,310 2,090
7,680 -2,275 3,183
7,705 -2,030 4,180
7,730 -1,855 5,054
7,755 -1,575 5,929
7,780 -1,505 6,853
7,805 -1,190 7,606
7,830 -0,875 8,311
7,857 -0,560 8,942
7,882 -0,280 9,453
7,907 -0,035 9,866
7,932 0,315 10,255
7,957 0,665 10,400
7,982 1,015 10,473
8,007 1,470 10,522
8,032 1,750 10,400
8,058 2,030 10,133
8,083 2,170 9,866
8,108 2,590 9,453
8,133 2,835 8,870
8,158 3,115 8,335
8,183 3,325 7,703
8,208 3,500 6,950
8,233 3,570 6,196
8,258 3,605 5,297
8,283 3,745 4,471
8,308 3,640 3,499
8,333 3,640 2,576
8,358 3,500 1,628
8,383 3,255 0,729
8,408 3,150 -0,267
8,433 2,870 -1,142
8,458 2,555 -2,041
8,483 2,310 -2,892
8,508 1,785 -3,694
8,533 1,330 -4,398
8,559 0,945 -5,127
8,584 0,560 -5,759
8,609 0,035 -6,318
8,634 -0,525 -6,682
8,659 -1,015 -7,071
8,684 -1,575 -7,290
8,709 -2,100 -7,509
8,734 -2,625 -7,606
8,759 -3,255 -7,557
8,784 -3,780 -7,436
8,810 -4,270 -7,290
8,835 -4,725 -7,023
8,860 -5,145 -6,658
8,885 -5,600 -6,221
8,910 -5,985 -5,710
8,935 -6,230 -5,176
8,960 -6,580 -4,593
8,985 -6,790 -3,912
9,010 -6,930 -3,159
9,035 -7,070 -2,357
9,061 -7,070 -1,628
9,086 -6,930 -0,802
9,111 -7,000 0,049
9,136 -6,720 0,850
9,161 -6,510 1,652
9,186 -6,125 2,406
9,211 -5,845 3,135
9,236 -5,390 3,839
9,261 -4,935 4,471
9,286 -4,375 5,152
9,312 -3,745 5,662
9,337 -3,045 6,196
9,362 -2,380 6,585
9,387 -1,715 6,877
9,412 -0,980 7,168
9,437 -0,245 7,363
9,462 0,560 7,533
9,487 1,435 7,557
9,512 2,170 7,533
9,537 2,905 7,484
9,564 3,605 7,314
9,589 4,340 7,120
9,614 4,935 6,853
9,639 5,565 6,512
9,664 6,125 6,124
9,689 6,475 5,686
9,714 6,790 5,224
9,739 7,175 4,763
9,764 7,350 4,252
9,789 7,420 3,718
9,818 7,525 3,062
9,843 7,350 2,479
9,868 7,210 1,871
9,893 7,000 1,312
9,918 6,720 0,705
9,943 6,125 0,170
9,968 5,565 -0,413
9,993 5,005 -0,850
10,018 4,340 -1,361
10,043 3,675 -1,847
10,068 2,870 -2,260
10,093 1,995 -2,551
10,118 1,155 -2,843
10,143 0,280 -3,110
10,168 -0,595 -3,353
10,193 -1,505 -3,475
10,218 -2,345 -3,621
10,243 -3,220 -3,669
10,268 -4,060 -3,791
10,293 -4,900 -3,718
10,318 -5,740 -3,694
10,343 -6,335 -3,572
10,368 -7,000 -3,426
10,393 -7,665 -3,232
10,418 -8,225 -2,989
10,443 -8,750 -2,746
10,468 -9,065 -2,479
10,493 -9,310 -2,187
10,518 -9,555 -1,871
10,543 -9,660 -1,507
10,568 -9,660 -1,215
10,593 -9,660 -0,826
10,618 -9,415 -0,583
10,643 -9,205 -0,243
10,668 -8,750 0,121
10,693 -8,295 0,413
10,718 -7,770 0,753
10,743 -7,175 0,972
10,768 -6,475 1,239
10,793 -5,670 1,579
10,818 -4,900 1,871
10,843 -3,990 2,065
10,868 -3,010 2,308
10,893 -2,135 2,551
10,918 -1,225 2,624
10,943 -0,245 2,770
10,968 0,805 2,892
10,993 1,820 2,989
11,018 2,660 3,037
11,043 3,675 3,208
11,068 4,655 3,256
11,093 5,390 3,329
11,118 6,160 3,305
11,143 6,895 3,353
11,168 7,560 3,305
11,193 7,945 3,329
11,218 8,400 3,256
11,243 8,750 3,208
11,268 8,925 3,232
11,293 9,065 3,159
11,318 9,065 3,086
11,343 8,995 3,037
11,368 8,820 2,965
11,393 8,470 2,892
11,418 8,085 2,770
11,443 7,455 2,697
11,468 6,895 2,649
11,493 6,195 2,503
11,518 5,390 2,357
11,543 4,585 2,333
11,568 3,710 2,187
11,593 2,695 2,041
11,618 1,750 1,871
11,643 0,700 1,847
11,668 -0,210 1,652
11,693 -1,190 1,555
11,718 -2,275 1,361
11,743 -3,255 1,239
11,768 -4,165 0,972
11,793 -5,040 0,802
11,818 -5,845 0,656
11,843 -6,685 0,437
11,868 -7,385 0,292
11,893 -7,945 0,024
11,918 -8,435 -0,146
11,943 -8,890 -0,340
11,968 -9,310 -0,535
11,993 -9,660 -0,778
12,018 -9,835 -0,996
12,043 -9,870 -1,239
12,068 -9,765 -1,458
12,093 -9,730 -1,677
12,118 -9,450 -1,944
12,143 -9,240 -2,138
12,168 -8,785 -2,284
12,193 -8,295 -2,430
12,218 -7,735 -2,576
12,243 -7,105 -2,576
12,268 -6,475 -2,722
12,293 -5,705 -2,819
12,318 -4,830 -2,819
12,343 -4,060 -2,819
12,368 -3,255 -2,722
12,393 -2,240 -2,576
12,418 -1,295 -2,479
12,443 -0,455 -2,308
12,468 0,490 -2,138
12,493 1,330 -1,968
12,518 2,240 -1,628
12,543 3,080 -1,288
12,568 3,920 -0,972
12,593 4,690 -0,607
12,618 5,390 -0,243
12,643 6,020 0,243
12,668 6,580 0,607
12,693 7,000 1,093
12,718 7,385 1,531
12,743 7,735 2,138
12,768 7,945 2,527
12,793 7,980 3,013
12,818 7,945 3,475
12,843 7,770 3,985
12,868 7,665 4,325
12,893 7,280 4,811
12,918 7,000 5,127
12,943 6,475 5,516
12,968 5,880 5,856
12,993 5,390 6,099
13,018 4,795 6,318
13,043 3,955 6,512
13,068 3,185 6,512
13,093 2,485 6,634
13,118 1,575 6,610
13,143 0,700 6,634
13,168 -0,105 6,512
13,193 -1,050 6,318
13,218 -1,785 6,099
13,243 -2,555 5,759
13,268 -3,255 5,419
13,293 -3,955 5,006
13,318 -4,550 4,544
13,343 -5,285 3,985
13,368 -5,740 3,475
13,393 -6,230 2,892
13,418 -6,615 2,187
13,443 -6,965 1,507
13,468 -7,175 0,826
13,493 -7,490 0,146
13,518 -7,595 -0,607
13,543 -7,560 -1,288
13,568 -7,630 -2,041
13,593 -7,665 -2,697
13,618 -7,385 -3,378
13,643 -7,245 -3,985
13,668 -6,895 -4,520
13,693 -6,545 -5,054
13,718 -6,160 -5,516
13,743 -5,705 -5,929
13,768 -5,180 -6,196
13,793 -4,655 -6,488
13,818 -4,130 -6,731
13,843 -3,640 -6,804
13,868 -2,940 -6,853
13,893 -2,380 -6,731
13,918 -1,715 -6,561
13,943 -1,015 -6,367
13,968 -0,455 -6,075
13,993 0,070 -5,710
14,018 0,665 -5,273
14,043 1,155 -4,763
14,069 1,820 -4,082
14,094 2,345 -3,475
14,119 2,870 -2,722
14,144 3,255 -1,920
14,169 3,570 -1,166
14,194 3,815 -0,340
14,219 4,060 0,510
14,244 4,340 1,409
14,269 4,445 2,260
14,294 4,550 3,110
14,319 4,515 4,010
14,344 4,445 4,763
14,369 4,340 5,613
14,394 4,200 6,367
14,419 4,060 7,096
14,444 3,780 7,679
14,469 3,570 8,262
14,494 3,220 8,772
14,519 2,905 9,161
14,544 2,415 9,526
14,569 2,030 9,744
14,594 1,680 9,939
14,619 1,295 9,963
14,644 0,805 9,914
14,669 0,350 9,696
14,694 -0,140 9,501
14,719 -0,490 9,137
14,744 -0,910 8,699
14,769 -1,190 8,189
14,794 -1,715 7,557
14,819 -1,890 6,877
14,844 -2,310 6,124
14,869 -2,520 5,249
14,894 -2,765 4,374
14,919 -3,010 3,353
14,944 -3,185 2,454
14,969 -3,395 1,482
14,994 -3,535 0,510
15,019 -3,640 -0,510
15,044 -3,815 -1,507
15,069 -3,850 -2,454
15,094 -3,815 -3,353
15,119 -3,780 -4,277
15,144 -3,850 -5,103
15,169 -3,710 -5,905
15,194 -3,640 -6,512
15,219 -3,570 -7,193
15,244 -3,430 -7,727
15,269 -3,360 -8,165
15,294 -3,255 -8,529
15,319 -3,045 -8,772
15,344 -2,870 -8,870
15,369 -2,660 -8,918
15,394 -2,485 -8,797
15,419 -2,380 -8,675
15,444 -2,205 -8,359
15,469 -2,100 -7,995
15,494 -1,925 -7,533
15,519 -1,750 -7,047
15,544 -1,680 -6,318
15,569 -1,400 -5,540
15,594 -1,260 -4,787
15,619 -1,155 -3,888
15,644 -1,015 -3,037
15,669 -0,805 -2,017
15,694 -0,735 -0,948
15,719 -0,595 0,073
15,744 -0,455 1,118
15,769 -0,210 2,114
15,794 -0,175 3,110
15,819 -0,105 4,155
15,844 0,105 5,079
15,869 0,245 6,002
15,894 0,175 6,853
15,919 0,420 7,679
15,944 0,455 8,383
15,969 0,595 8,991
15,994 0,700 9,574
16,019 0,735 9,963
16,044 0,875 10,352
16,070 0,945 10,668
16,095 1,050 10,765
16,120 1,085 10,789
16,145 1,295 10,668
16,170 1,400 10,546
16,195 1,470 10,279
16,220 1,435 9,866
16,245 1,540 9,331
16,270 1,645 8,797
16,295 1,715 8,019
16,320 1,785 7,266
16,345 1,715 6,464
16,370 1,680 5,565
16,395 1,750 4,714
16,420 1,645 3,742
16,445 1,610 2,722
16,470 1,505 1,701
16,495 1,365 0,705
16,520 1,155 -0,316
16,545 0,910 -1,264
16,570 0,805 -2,260
16,595 0,630 -3,110
16,620 0,245 -3,985
16,645 -0,035 -4,763
16,670 -0,350 -5,565
16,695 -0,595 -6,245
16,720 -0,945 -6,828
16,745 -1,190 -7,314
16,770 -1,540 -7,752
16,795 -1,855 -8,092
16,820 -2,275 -8,311
16,845 -2,625 -8,432
16,870 -2,940 -8,408
16,895 -3,290 -8,335
16,920 -3,570 -8,116
16,945 -3,885 -7,849
16,970 -4,200 -7,533
16,995 -4,305 -7,023
17,020 -4,585 -6,464
17,045 -4,760 -5,954
17,070 -5,005 -5,200
17,095 -5,180 -4,495
17,120 -5,250 -3,645
17,145 -5,285 -2,794
17,170 -5,355 -1,895
17,195 -5,355 -1,045
17,220 -5,215 -0,121
17,245 -4,935 0,729
17,270 -4,760 1,677
17,295 -4,690 2,624
17,320 -4,410 3,499
17,345 -4,130 4,277
17,370 -3,745 5,030
17,395 -3,220 5,759
17,420 -2,835 6,512
17,445 -2,310 7,047
17,470 -1,855 7,606
17,495 -1,295 8,019
17,520 -0,770 8,383
17,545 -0,210 8,627
17,570 0,490 8,772
17,595 1,050 8,870
17,620 1,645 8,918
17,645 2,170 8,845
17,670 2,695 8,772
17,695 3,185 8,432
17,720 3,710 8,092
17,745 4,200 7,703
17,770 4,585 7,266
17,795 5,005 6,731
17,820 5,390 6,124
17,845 5,600 5,516
17,870 5,810 4,884
17,895 5,880 4,252
17,920 5,845 3,523
17,945 5,810 2,770
17,970 5,740 2,090
17,995 5,530 1,312
18,020 5,285 0,583
18,045 5,075 -0,121
18,070 4,655 -0,850
18,095 4,165 -1,579
18,120 3,570 -2,211
18,145 3,045 -2,770
18,170 2,380 -3,305
18,195 1,750 -3,766
18,220 1,190 -4,155
18,245 0,420 -4,544
18,270 -0,385 -4,884
18,295 -1,050 -5,152
18,320 -1,785 -5,346
18,345 -2,520 -5,467
18,370 -3,290 -5,467
18,395 -3,990 -5,419
18,420 -4,795 -5,297
18,445 -5,425 -5,152
18,470 -6,020 -4,981
18,495 -6,580 -4,641
18,520 -7,035 -4,301
18,545 -7,385 -4,010
18,570 -7,875 -3,475
18,595 -8,225 -3,086
18,620 -8,400 -2,600
18,645 -8,540 -2,138
18,670 -8,680 -1,579
18,695 -8,470 -0,996
18,720 -8,435 -0,486
18,745 -8,260 0,049
18,770 -8,085 0,632
18,795 -7,770 1,142
18,820 -7,315 1,652
18,845 -6,720 2,114
18,870 -6,265 2,551
18,895 -5,635 3,013
18,920 -4,970 3,402
18,945 -4,060 3,694
18,970 -3,360 4,034
18,995 -2,415 4,277
19,020 -1,610 4,544
19,045 -0,700 4,666
19,070 0,210 4,884
19,095 1,085 4,957
19,120 2,030 5,079
19,145 2,940 5,054
19,170 3,745 5,054
19,195 4,550 4,933
19,220 5,355 4,884
19,245 6,020 4,763
19,270 6,580 4,544
19,295 7,140 4,423
19,320 7,630 4,180
19,345 7,910 3,937
19,370 8,260 3,694
19,395 8,365 3,451
19,420 8,365 3,208
19,445 8,400 2,867
19,470 8,330 2,624
19,495 8,120 2,357
19,520 7,665 2,065
19,545 7,315 1,774
19,570 6,755 1,482
19,595 6,090 1,215
19,620 5,425 0,899
19,645 4,725 0,705
19,670 3,885 0,462
19,695 3,010 0,243
19,720 2,065 -0,024
19,745 1,155 -0,219
19,770 0,105 -0,340
19,795 -0,735 -0,583
19,820 -1,715 -0,729
19,845 -2,660 -0,850
19,870 -3,605 -0,923
19,895 -4,515 -1,045
19,920 -5,250 -1,093
19,945 -6,160 -1,166
19,970 -6,860 -1,239
19,995 -7,595 -1,288
20,020 -7,980 -1,288
20,045 -8,645 -1,312
20,070 -9,065 -1,288
20,095 -9,415 -1,337
20,120 -9,660 -1,312
20,145 -9,730 -1,312
20,170 -9,835 -1,264
20,195 -9,835 -1,264
20,220 -9,695 -1,215
20,245 -9,485 -1,166
20,270 -9,135 -1,142
20,295 -8,680 -1,142
20,320 -8,260 -1,118
20,345 -7,665 -1,045
20,370 -6,965 -0,972
20,395 -6,230 -0,850
20,420 -5,565 -0,802
20,445 -4,725 -0,729
20,470 -3,850 -0,656
20,495 -2,800 -0,535
20,520 -1,890 -0,340
20,545 -0,875 -0,219
20,570 0,070 -0,073
20,595 0,980 0,000
20,620 1,890 0,243
20,645 2,870 0,413
20,670 3,745 0,656
20,695 4,620 0,875
20,720 5,390 1,093
20,745 6,055 1,361
20,770 6,685 1,677
20,795 7,210 1,895
20,820 7,770 2,187
20,845 8,085 2,430
20,870 8,330 2,649
20,895 8,540 2,892
20,920 8,575 3,183
20,945 8,540 3,378
20,970 8,400 3,572
20,995 8,085 3,815
21,020 7,630 4,034
21,045 7,245 4,180
21,070 6,685 4,350
21,095 6,160 4,471
21,120 5,530 4,666
21,145 4,760 4,641
21,170 3,850 4,690
21,195 3,045 4,690
21,220 2,205 4,739
21,245 1,225 4,641
21,270 0,245 4,593
21,295 -0,525 4,398
21,320 -1,505 4,228
21,345 -2,345 4,058
21,370 -3,255 3,815
21,395 -3,955 3,475
21,420 -4,655 3,232
21,445 -5,530 2,794
21,470 -6,160 2,454
21,495 -6,755 1,993
21,520 -7,280 1,555
21,545 -7,665 1,093
21,570 -8,050 0,607
21,595 -8,400 0,121
21,620 -8,610 -0,389
21,645 -8,715 -0,875
21,670 -8,750 -1,409
21,695 -8,680 -1,895
21,720 -8,610 -2,430
21,745 -8,365 -2,892
21,770 -8,015 -3,305
21,795 -7,630 -3,718
21,820 -7,210 -4,058
21,845 -6,615 -4,423
21,870 -6,090 -4,666
21,895 -5,565 -4,836
21,920 -4,970 -4,933
21,945 -4,200 -5,030
21,970 -3,570 -5,079
21,995 -2,730 -5,079
22,020 -1,995 -5,006
22,045 -1,295 -4,860
22,070 -0,490 -4,617
22,095 0,280 -4,325
22,120 1,085 -4,010
22,145 1,785 -3,572
22,170 2,345 -3,135
22,195 3,045 -2,649
22,220 3,710 -2,065
22,245 4,305 -1,507
22,270 4,725 -0,875
22,295 5,145 -0,219
22,320 5,530 0,486
22,345 5,810 1,191
22,370 5,950 1,920
22,395 6,160 2,649
22,420 6,055 3,329
22,445 6,055 3,985
22,470 5,915 4,690
22,495 5,775 5,297
22,520 5,565 5,905
22,545 5,250 6,464
22,570 4,795 7,023
22,595 4,340 7,460
22,620 3,955 7,825
22,645 3,395 8,092
22,670 2,835 8,311
22,695 2,310 8,578
22,720 1,645 8,627
22,745 1,155 8,627
22,770 0,525 8,554
22,795 -0,070 8,286
22,820 -0,735 8,092
22,845 -1,330 7,752
22,870 -1,890 7,339
22,895 -2,380 6,828
22,920 -2,905 6,391
22,945 -3,325 5,735
22,970 -3,780 5,054
22,995 -4,025 4,325
23,020 -4,550 3,548
23,045 -4,725 2,697
23,070 -5,040 1,798
23,095 -5,250 0,923
23,120 -5,460 0,073
23,145 -5,460 -0,802
23,170 -5,495 -1,677
23,195 -5,495 -2,551
23,220 -5,425 -3,305
23,245 -5,285 -4,204
23,270 -5,215 -4,884
23,295 -4,970 -5,589
23,320 -4,830 -6,196
23,345 -4,655 -6,707
23,370 -4,410 -7,144
23,395 -4,095 -7,533
23,420 -3,745 -7,800
23,445 -3,360 -7,995
23,470 -3,010 -8,140
23,495 -2,660 -8,165
23,520 -2,345 -8,019
23,545 -2,065 -7,873
23,570 -1,540 -7,533
23,595 -1,225 -7,144
23,620 -0,840 -6,658
23,645 -0,490 -6,124
23,670 -0,210 -5,467
23,695 0,105 -4,787
23,720 0,490 -3,985
23,745 0,700 -3,135
23,770 0,910 -2,236
23,795 1,260 -1,409
23,820 1,435 -0,413
23,845 1,610 0,607
23,870 1,715 1,507
23,895 1,820 2,551
23,920 1,820 3,475
23,945 1,820 4,350
23,970 1,995 5,297
23,995 1,925 6,148
24,020 1,995 6,974
24,045 1,855 7,752
24,070 1,750 8,383
24,095 1,715 8,967
24,120 1,680 9,477
24,145 1,610 9,890
24,170 1,435 10,157
24,195 1,295 10,425
24,220 1,120 10,522
24,245 0,980 10,522
24,270 0,805 10,449
24,295 0,735 10,230
24,320 0,665 9,890
24,345 0,525 9,477
24,370 0,420 8,967
24,395 0,280 8,383
24,420 -0,000 7,727
24,445 -0,070 6,998
24,470 -0,140 6,099
24,495 -0,175 5,200
24,520 -0,350 4,277
24,545 -0,490 3,353
24,570 -0,665 2,357
24,595 -0,665 1,264
24,620 -0,770 0,316
24,645 -0,980 -0,729
24,670 -1,085 -1,798
24,695 -1,260 -2,624
24,720 -1,365 -3,572
24,745 -1,470 -4,471
24,770 -1,610 -5,200
24,795 -1,750 -6,002
24,820 -1,890 -6,610
24,845 -1,995 -7,217
24,870 -2,170 -7,703
24,895 -2,310 -8,140
24,920 -2,485 -8,383
24,945 -2,625 -8,602
24,970 -2,835 -8,675
24,995 -2,835 -8,724
25,020 -3,010 -8,578
25,045 -3,010 -8,383
25,070 -3,115 -8,068
25,095 -3,185 -7,654
25,120 -3,325 -7,193
25,145 -3,325 -6,610
25,170 -3,360 -5,881
25,195 -3,465 -5,127
25,220 -3,430 -4,398
25,245 -3,465 -3,548
25,270 -3,535 -2,600
25,295 -3,290 -1,652
25,320 -3,325 -0,680
25,345 -3,255 0,316
25,370 -3,150 1,264
25,395 -2,940 2,236
25,420 -2,660 3,232
25,445 -2,415 4,131
25,470 -2,275 5,006
25,495 -2,065 5,808
25,520 -1,820 6,634
25,545 -1,540 7,339
25,570 -1,225 7,946
25,595 -0,840 8,529
25,620 -0,490 9,015
25,645 -0,105 9,331
25,670 0,280 9,598
25,695 0,630 9,744
25,720 1,015 9,914
25,745 1,435 9,769
25,770 1,785 9,696
25,795 2,170 9,477
25,820 2,520 9,161
25,845 2,940 8,772
25,870 3,115 8,286
25,895 3,360 7,800
25,920 3,570 7,193
25,945 3,885 6,537
25,970 3,990 5,783
25,995 4,095 4,981
26,020 4,165 4,155
26,045 4,165 3,329
26,070 4,025 2,479
26,095 3,955 1,579
26,120 3,745 0,753
26,145 3,500 -0,121
26,170 3,255 -0,948
26,195 2,870 -1,798
26,220 2,450 -2,551
26,245 2,170 -3,280
26,270 1,680 -3,961
26,295 1,260 -4,593
26,320 0,665 -5,079
26,345 -0,000 -5,565
26,370 -0,560 -6,002
26,395 -1,015 -6,367
26,420 -1,645 -6,561
26,445 -2,240 -6,780
26,470 -2,870 -6,804
26,495 -3,360 -6,780
26,520 -3,850 -6,707
26,545 -4,340 -6,537
26,570 -4,830 -6,294
26,595 -5,320 -6,002
26,620 -5,775 -5,565
26,645 -6,055 -5,176
26,670 -6,405 -4,641
26,695 -6,685 -4,107
26,720 -6,965 -3,499
26,745 -7,000 -2,843
26,770 -7,175 -2,138
26,795 -7,245 -1,434
26,820 -7,280 -0,753
26,845 -7,105 -0,073
26,870 -6,930 0,680
26,895 -6,685 1,385
26,920 -6,405 2,041
26,945 -5,985 2,673
26,970 -5,565 3,305
26,995 -5,040 3,864
27,020 -4,445 4,471
27,045 -3,850 4,957
27,070 -3,325 5,467
27,095 -2,520 5,808
27,120 -1,855 6,124
27,145 -1,085 6,342
27,170 -0,350 6,634
27,195 0,455 6,731
27,220 1,295 6,804
27,245 2,030 6,780
27,270 2,765 6,731
27,295 3,535 6,610
27,320 4,165 6,464
27,345 4,795 6,245
27,370 5,460 5,954
27,395 5,915 5,662
27,420 6,405 5,395
27,445 6,895 4,957
27,470 7,070 4,544
27,495 7,280 4,155
27,520 7,350 3,669
27,545 7,490 3,159
27,570 7,385 2,673
27,595 7,315 2,211
27,620 7,070 1,701
27,645 6,755 1,166
27,670 6,195 0,656
27,695 5,670 0,194
27,720 5,180 -0,243
27,745 4,620 -0,656
27,770 3,850 -0,972
27,795 3,150 -1,385
27,820 2,205 -1,701
27,845 1,365 -2,017
27,870 0,595 -2,260
27,895 -0,210 -2,503
27,920 -1,190 -2,673
27,945 -1,995 -2,892
27,970 -2,940 -2,916
27,995 -3,850 -3,062
28,020 -4,550 -2,940
28,045 -5,355 -2,940
28,070 -5,950 -2,940
28,095 -6,650 -2,819
28,120 -7,385 -2,673
28,145 -7,770 -2,551
28,170 -8,330 -2,381
28,195 -8,750 -2,211
28,220 -8,995 -1,993
28,245 -9,240 -1,725
28,270 -9,450 -1,482
28,295 -9,415 -1,166
28,320 -9,415 -0,972
28,345 -9,205 -0,778
28,370 -9,065 -0,486
28,395 -8,750 -0,243
28,420 -8,295 0,024
28,445 -7,700 0,292
28,470 -7,105 0,486
28,495 -6,440 0,729
28,520 -5,810 0,875
28,545 -4,970 1,118
28,570 -4,235 1,264
28,595 -3,395 1,458
28,620 -2,450 1,652
28,645 -1,435 1,750
28,670 -0,630 1,968
28,695 0,315 2,090
28,720 1,330 2,260
28,745 2,310 2,357
28,770 3,220 2,503
28,795 4,130 2,576
28,820 4,935 2,673
28,845 5,670 2,819
28,870 6,335 2,770
28,895 7,000 2,867
28,920 7,420 2,892
28,945 7,875 2,940
28,970 8,190 3,037
28,995 8,505 3,013
29,020 8,610 3,135
29,045 8,575 3,135
29,071 8,540 3,110
29,096 8,365 3,086
29,121 8,085 3,110
29,146 7,805 3,135
29,171 7,175 3,062
29,196 6,615 3,037
29,221 5,915 2,965
29,246 5,215 2,892
29,271 4,480 2,867
29,296 3,710 2,819
29,321 2,765 2,722
29,346 1,820 2,600
29,371 0,875 2,430
29,396 -0,070 2,333
29,421 -0,910 2,187
29,446 -1,925 2,065
29,471 -2,800 1,895
29,496 -3,605 1,701
29,521 -4,550 1,482
29,546 -5,355 1,166
29,571 -6,090 0,996
29,596 -6,720 0,729
29,621 -7,350 0,607
29,646 -7,875 0,292
29,671 -8,365 0,049
29,696 -8,715 -0,267
29,721 -9,030 -0,510
29,746 -9,240 -0,802
29,771 -9,380 -1,069
29,796 -9,345 -1,409
29,821 -9,205 -1,628
29,846 -9,065 -1,920
29,871 -8,785 -2,090
29,896 -8,540 -2,454
29,921 -8,085 -2,600
29,946 -7,560 -2,770
29,971 -7,035 -2,916
29,996 -6,300 -3,062
30,021 -5,705 -3,159
30,046 -4,935 -3,183
30,072 -4,130 -3,183
30,097 -3,430 -3,135
30,122 -2,520 -3,062
30,147 -1,575 -2,989
30,172 -0,770 -2,819
30,197 0,210 -2,624
30,222 0,875 -2,308
30,247 1,820 -2,138
30,272 2,520 -1,774
30,297 3,360 -1,409
30,322 4,095 -0,948
30,347 4,690 -0,583
30,372 5,215 -0,146
30,397 5,810 0,340
30,422 6,230 0,753
30,447 6,685 1,264
30,472 6,825 1,798
30,497 7,210 2,357
30,522 7,245 2,867
30,547 7,350 3,378
30,572 7,070 3,839
30,597 6,895 4,374
30,622 6,790 4,787
30,647 6,475 5,200
30,672 6,020 5,540
30,697 5,565 5,929
30,722 5,040 6,172
30,747 4,410 6,464
30,772 3,815 6,731
30,797 3,150 6,901
30,822 2,450 6,925
30,847 1,715 6,901
30,872 0,840 6,877
30,897 0,175 6,804
30,922 -0,735 6,682
30,947 -1,365 6,391
30,972 -2,100 6,148
30,997 -2,765 5,759
31,022 -3,430 5,346
31,047 -4,025 4,787
31,073 -4,620 4,277
31,098 -5,110 3,766
31,123 -5,565 3,110
31,148 -5,950 2,479
31,173 -6,265 1,871
31,198 -6,510 1,069
31,223 -6,720 0,364
31,248 -6,860 -0,437
31,273 -7,035 -1,093
31,298 -6,930 -1,847
31,323 -6,965 -2,503
31,348 -6,755 -3,183
31,373 -6,580 -3,791
31,398 -6,475 -4,350
31,423 -6,125 -4,981
31,448 -5,775 -5,492
31,473 -5,425 -5,881
31,498 -4,970 -6,221
31,523 -4,550 -6,464
31,548 -4,060 -6,682
31,573 -3,570 -6,804
31,598 -2,975 -6,877
31,623 -2,485 -6,853
31,648 -1,855 -6,682
31,673 -1,365 -6,464
31,698 -0,840 -6,172
31,723 -0,280 -5,783
31,748 0,280 -5,395
31,773 0,700 -4,909
31,798 1,155 -4,325
31,823 1,680 -3,621
31,848 2,065 -2,965
31,873 2,345 -2,138
31,898 2,835 -1,409
31,923 3,080 -0,559
31,948 3,325 0,267
31,973 3,395 1,118
31,998 3,570 1,993
32,023 3,710 2,867
32,048 3,885 3,815
32,074 3,640 4,593
32,099 3,675 5,346
32,124 3,430 6,124
32,149 3,360 6,828
32,174 3,220 7,509
32,199 3,115 8,019
32,224 2,765 8,602
32,249 2,555 8,967
32,274 2,170 9,331
32,299 1,925 9,550
32,324 1,505 9,769
32,349 1,190 9,793
32,374 0,805 9,720
32,399 0,490 9,574
32,424 0,070 9,331
32,449 -0,140 9,088
32,474 -0,560 8,675
32,499 -0,875 8,189
32,524 -1,190 7,557
32,549 -1,435 6,828
32,574 -1,820 6,148
32,599 -1,890 5,297
32,624 -2,170 4,471
32,649 -2,275 3,621
32,674 -2,485 2,673
32,699 -2,695 1,725
32,724 -2,765 0,729
32,749 -2,940 -0,194
32,774 -3,045 -1,166
32,799 -3,150 -2,187
32,824 -3,185 -3,086
32,849 -3,185 -3,912
32,874 -3,290 -4,739
32,899 -3,290 -5,516
32,924 -3,255 -6,124
32,949 -3,290 -6,731
32,974 -3,185 -7,241
32,999 -3,045 -7,727
33,024 -3,010 -8,092
33,049 -2,905 -8,335
33,074 -2,870 -8,505
33,099 -2,695 -8,554
33,124 -2,625 -8,456
33,149 -2,625 -8,359
33,174 -2,450 -8,116
33,199 -2,310 -7,727
33,224 -2,170 -7,217
33,249 -2,030 -6,804
33,274 -2,030 -6,148
33,299 -1,890 -5,467
33,324 -1,785 -4,714
33,349 -1,575 -3,888
33,374 -1,540 -2,989
33,399 -1,400 -2,114
33,424 -1,400 -1,142
33,449 -1,225 -0,219
33,474 -1,155 0,802
33,499 -0,980 1,823
33,524 -0,910 2,794
33,549 -0,665 3,718
33,574 -0,525 4,666
33,599 -0,420 5,540
33,624 -0,245 6,342
33,649 -0,070 7,120
33,674 0,035 7,873
33,699 0,245 8,481
33,724 0,280 9,088
33,749 0,560 9,428
33,774 0,665 9,817
33,799 0,875 10,085
33,824 1,015 10,206
33,849 1,085 10,255
33,874 1,190 10,206
33,899 1,400 9,987
33,924 1,470 9,744
33,949 1,645 9,428
33,974 1,785 8,991
33,999 1,855 8,456
34,024 1,960 7,873
34,049 2,030 7,193
34,074 2,135 6,367
34,099 2,205 5,589
34,124 2,065 4,763
34,149 2,030 3,839
34,174 1,925 2,965
34,199 1,925 1,993
34,224 1,715 1,045
34,249 1,610 0,073
34,274 1,435 -0,778
34,299 1,330 -1,750
34,324 1,015 -2,576
34,349 0,805 -3,426
34,374 0,455 -4,155
34,399 0,140 -4,860
34,424 -0,315 -5,516
34,449 -0,560 -6,099
34,474 -1,015 -6,561
34,499 -1,260 -6,998
34,524 -1,680 -7,339
34,549 -1,995 -7,606
34,574 -2,450 -7,703
34,599 -2,800 -7,727
34,624 -3,185 -7,703
34,649 -3,535 -7,557
34,674 -3,885 -7,314
34,699 -4,200 -7,023
34,724 -4,445 -6,634
34,749 -4,690 -6,148
34,774 -4,970 -5,613
34,799 -5,250 -5,030
34,824 -5,320 -4,350
34,849 -5,460 -3,621
34,874 -5,530 -2,867
34,899 -5,530 -2,065
34,924 -5,600 -1,215
34,949 -5,425 -0,413
34,974 -5,390 0,462
34,999 -5,180 1,337
35,024 -5,040 2,187
35,049 -4,760 3,013
35,074 -4,410 3,815
35,099 -4,060 4,423
35,124 -3,710 5,127
35,149 -3,185 5,759
35,174 -2,695 6,367
35,199 -2,135 6,901
35,224 -1,540 7,290
35,249 -0,980 7,582
35,274 -0,420 7,897
35,299 0,210 8,043
35,324 0,630 8,213
35,349 1,295 8,213
35,374 1,890 8,213
35,399 2,520 8,092
35,424 3,080 7,922
35,449 3,640 7,630
35,474 4,165 7,339
35,499 4,690 6,877
35,524 5,040 6,439
35,549 5,285 5,929
35,574 5,565 5,370
35,599 5,845 4,739
35,624 5,950 4,204
35,649 6,020 3,572
35,674 5,985 2,916
35,699 5,985 2,260
35,724 5,670 1,628
35,749 5,530 0,923
35,774 5,285 0,316
35,799 4,795 -0,340
35,824 4,480 -0,948
35,849 3,815 -1,531
35,874 3,255 -2,138
35,899 2,800 -2,600
35,924 2,030 -3,013
35,949 1,295 -3,426
35,974 0,630 -3,815
35,999 -0,175 -4,107
36,024 -0,910 -4,301
36,049 -1,540 -4,544
36,074 -2,415 -4,617
36,099 -3,080 -4,690
36,124 -3,745 -4,714
36,149 -4,480 -4,666
36,174 -5,075 -4,495
36,199 -5,740 -4,350
36,224 -6,475 -4,131
36,249 -6,930 -3,912
36,274 -7,280 -3,572
36,299 -7,735 -3,280
36,324 -8,085 -2,892
36,349 -8,225 -2,454
36,374 -8,365 -1,993
36,399 -8,435 -1,531
36,424 -8,540 -1,118
36,449 -8,470 -0,607
36,474 -8,295 -0,146
36,499 -8,085 0,316
36,524 -7,700 0,705
36,549 -7,315 1,166
36,574 -6,825 1,628
36,599 -6,370 2,017
36,624 -5,705 2,381
36,649 -5,005 2,746
36,674 -4,410 2,989
36,699 -3,430 3,329
36,724 -2,730 3,548
36,749 -1,925 3,742
36,774 -0,945 4,010
36,799 -0,000 4,131
36,824 0,840 4,301
36,849 1,680 4,325
36,874 2,450 4,398
36,899 3,360 4,374
36,924 4,235 4,350
36,949 4,900 4,374
36,974 5,565 4,277
36,999 6,160 4,228
37,024 6,720 4,107
37,049 7,210 3,985
37,074 7,595 3,766
37,099 7,910 3,621
37,124 8,050 3,402
37,149 8,225 3,256
37,174 8,190 3,062
37,199 8,120 2,819
37,224 7,875 2,527
37,249 7,560 2,308
37,274 7,140 2,138
37,299 6,685 1,871
37,324 6,055 1,628
37,349 5,495 1,434
37,374 4,760 1,264
37,399 3,955 1,021
37,424 3,080 0,850
37,449 2,275 0,607
37,474 1,400 0,510
37,499 0,420 0,340
37,524 -0,525 0,121
37,549 -1,470 -0,073
37,574 -2,345 -0,194
37,599 -3,150 -0,340
37,624 -4,060 -0,413
37,649 -4,970 -0,535
37,674 -5,670 -0,559
37,699 -6,300 -0,632
37,724 -7,070 -0,802
37,749 -7,630 -0,875
37,774 -8,260 -0,948
37,799 -8,540 -1,021
37,824 -8,925 -1,093
37,849 -9,135 -1,069
37,874 -9,485 -1,142
37,899 -9,450 -1,239
37,924 -9,415 -1,239
37,949 -9,380 -1,361
37,974 -9,170 -1,312
37,999 -8,820 -1,385
38,024 -8,505 -1,337
38,049 -8,050 -1,361
38,074 -7,560 -1,312
38,099 -6,790 -1,312
38,124 -6,160 -1,239
38,149 -5,460 -1,264
38,174 -4,760 -1,215
38,199 -3,920 -1,142
38,224 -3,080 -1,045
38,249 -2,170 -0,899
38,274 -1,225 -0,753
38,299 -0,315 -0,632
38,324 0,595 -0,437
38,349 1,540 -0,219
38,374 2,345 -0,049
38,399 3,255 0,146
38,424 4,095 0,389
38,449 4,760 0,656
38,474 5,460 0,972
38,499 5,985 1,215
38,524 6,580 1,531
38,549 7,105 1,847
38,574 7,385 2,114
38,599 7,665 2,381
38,624 7,875 2,770
38,649 8,015 3,013
38,674 7,945 3,305
38,699 7,770 3,548
38,724 7,630 3,791
38,749 7,350 4,010
38,774 6,965 4,350
38,799 6,475 4,520
38,824 5,845 4,690
38,849 5,250 4,811
38,874 4,550 4,933
38,899 3,955 5,030
38,924 3,010 5,054
38,949 2,380 5,030
38,974 1,330 5,030
38,999 0,595 4,957
39,024 -0,315 4,787
39,049 -1,050 4,617
39,074 -2,065 4,495
39,099 -2,835 4,204
39,124 -3,605 3,937
39,149 -4,340 3,572
39,174 -4,970 3,135
39,199 -5,600 2,770
39,224 -6,195 2,333
39,249 -6,580 1,920
39,274 -7,035 1,409
39,299 -7,385 0,802
39,324 -7,770 0,316
39,349 -7,910 -0,146
39,374 -8,050 -0,680
39,399 -8,155 -1,215
39,424 -8,225 -1,798
39,449 -8,015 -2,333
39,474 -7,805 -2,746
39,499 -7,560 -3,183
39,524 -7,315 -3,572
39,549 -6,895 -4,058
39,574 -6,335 -4,374
39,599 -5,950 -4,666
39,624 -5,495 -4,909
39,649 -4,900 -5,079
39,674 -4,235 -5,200
39,699 -3,570 -5,224
39,724 -2,870 -5,297
39,749 -2,135 -5,200
39,774 -1,435 -5,030
39,799 -0,770 -4,836
39,824 -0,140 -4,495
39,849 0,630 -4,252
39,874 1,190 -3,839
39,899 1,855 -3,426
39,924 2,450 -2,940
39,949 2,905 -2,406
39,974 3,430 -1,823
39,999 3,955 -1,118
40,024 4,235 -0,462
40,049 4,725 0,243
40,074 4,935 0,923
40,099 5,215 1,604
40,124 5,250 2,381
40,149 5,425 3,110
40,174 5,425 3,791
40,199 5,285 4,423
40,224 5,180 5,127
40,249 5,005 5,783
40,274 4,655 6,318
40,299 4,375 6,780
40,324 3,990 7,241
40,349 3,640 7,630
40,374 3,150 7,970
40,399 2,695 8,238
40,424 2,205 8,481
40,449 1,715 8,578
40,474 1,120 8,627
40,499 0,630 8,554
40,524 0,140 8,408
40,549 -0,455 8,116
40,574 -1,050 7,873
40,599 -1,470 7,436
40,624 -2,030 6,998
40,649 -2,415 6,488
40,674 -2,800 5,856
40,699 -3,255 5,200
40,724 -3,535 4,495
40,749 -3,885 3,694
40,774 -4,130 2,965
40,799 -4,305 2,090
40,824 -4,620 1,215
40,849 -4,830 0,316
40,874 -4,830 -0,510
40,899 -4,830 -1,409
40,924 -4,830 -2,284
40,949 -4,900 -3,086
40,974 -4,865 -3,791
40,999 -4,760 -4,568
41,024 -4,655 -5,224
41,049 -4,445 -5,856
41,074 -4,340 -6,342
41,099 -4,095 -6,828
41,124 -3,850 -7,241
41,149 -3,605 -7,557
41,174 -3,290 -7,727
41,199 -3,080 -7,825
41,224 -2,695 -7,825
41,249 -2,415 -7,849
41,274 -2,065 -7,582
41,299 -1,750 -7,411
41,324 -1,505 -6,950
41,349 -1,120 -6,610
41,374 -0,980 -6,099
41,399 -0,700 -5,492
41,424 -0,490 -4,763
41,449 -0,140 -4,058
41,474 -0,000 -3,305
41,499 0,210 -2,454
41,524 0,490 -1,555
41,549 0,770 -0,607
41,574 0,840 0,364
41,599 1,015 1,239
41,624 1,120 2,260
41,649 1,190 3,183
41,674 1,365 4,034
41,699 1,330 4,909
41,724 1,400 5,759
41,749 1,540 6,561
41,774 1,435 7,314
41,799 1,505 7,922
41,824 1,330 8,481
41,849 1,435 9,040
41,874 1,225 9,501
41,899 1,225 9,769
41,924 1,120 10,036
41,949 1,050 10,133
41,974 0,945 10,157
41,999 0,910 10,133
42,024 0,805 9,914
42,049 0,840 9,574
42,074 0,665 9,234
42,099 0,665 8,821
42,124 0,560 8,238
42,149 0,490 7,606
42,174 0,385 6,853
42,199 0,280 6,124
42,224 0,175 5,370
42,249 0,105 4,520
42,274 -0,070 3,548
42,299 -0,070 2,503
42,324 -0,350 1,579
42,349 -0,350 0,607
42,374 -0,490 -0,364
42,399 -0,630 -1,288
42,424 -0,665 -2,187
42,449 -0,875 -3,110
42,474 -1,085 -3,888
42,499 -1,225 -4,666
42,524 -1,435 -5,370
42,549 -1,575 -6,075
42,574 -1,715 -6,610
42,599 -1,925 -7,144
42,624 -2,135 -7,484
42,649 -2,345 -7,825
42,674 -2,415 -8,068
42,699 -2,555 -8,213
42,724 -2,800 -8,189
42,749 -2,940 -8,116
42,774 -3,185 -7,922
42,799 -3,185 -7,679
42,824 -3,360 -7,290
42,849 -3,395 -6,828
42,874 -3,535 -6,318
42,899 -3,640 -5,759
42,924 -3,710 -5,079
42,949 -3,710 -4,325
42,974 -3,745 -3,548
42,999 -3,745 -2,673
43,024 -3,780 -1,823
43,049 -3,605 -0,948
43,074 -3,535 0,073
43,099 -3,430 0,948
43,124 -3,290 1,871
43,149 -3,150 2,746
43,174 -2,905 3,621
43,199 -2,660 4,423
43,224 -2,450 5,249
43,249 -2,030 5,978
43,274 -1,890 6,658
43,299 -1,505 7,266
43,324 -1,120 7,849
43,349 -0,735 8,286
43,374 -0,315 8,675
43,399 0,175 8,942
43,424 0,455 9,137
43,449 0,875 9,210
43,474 1,295 9,283
43,499 1,785 9,185
43,524 2,030 8,991
43,549 2,450 8,748
43,574 2,730 8,383
43,599 3,185 8,019
43,624 3,500 7,509
43,649 3,640 6,950
43,674 3,850 6,391
43,699 4,060 5,686
43,724 4,200 4,981
43,749 4,270 4,252
43,774 4,200 3,523
43,799 4,200 2,673
43,824 4,235 1,895
43,849 3,990 1,069
43,874 3,780 0,340
43,899 3,535 -0,486
43,924 3,220 -1,264
43,949 2,835 -2,041
43,974 2,310 -2,697
43,999 1,855 -3,329
44,024 1,400 -3,888
44,049 0,840 -4,374
44,074 0,350 -4,836
44,099 -0,175 -5,249
44,124 -0,840 -5,565
44,149 -1,400 -5,783
44,174 -1,890 -6,002
44,199 -2,485 -6,099
44,224 -3,080 -6,148
44,249 -3,640 -6,051
44,274 -4,270 -5,905
44,299 -4,655 -5,735
44,324 -5,285 -5,492
44,349 -5,740 -5,200
44,374 -6,090 -4,763
44,399 -6,440 -4,350
44,424 -6,685 -3,815
44,449 -6,825 -3,378
44,474 -7,140 -2,794
44,499 -7,280 -2,236
44,524 -7,245 -1,579
44,549 -7,245 -0,899
44,574 -7,280 -0,267
44,599 -7,105 0,340
44,624 -6,825 1,069
44,649 -6,440 1,628
44,674 -6,160 2,236
44,699 -5,775 2,819
44,724 -5,180 3,353
44,749 -4,725 3,864
44,774 -4,130 4,325
44,799 -3,430 4,666
44,824 -2,835 5,079
44,849 -2,030 5,419
44,874 -1,365 5,662
44,899 -0,630 5,856
44,924 0,175 6,026
44,949 0,980 6,099
44,974 1,680 6,172
44,999 2,520 6,124
45,024 3,150 6,075
45,049 3,955 5,929
45,074 4,550 5,808
45,099 5,040 5,516
45,124 5,565 5,297
45,149 6,090 5,006
45,174 6,510 4,690
45,199 6,790 4,325
45,224 7,000 4,082
45,249 7,175 3,596
45,274 7,280 3,232
45,299 7,350 2,794
45,324 7,140 2,333
45,349 6,930 1,895
45,374 6,615 1,507
45,399 6,230 1,045
45,424 5,775 0,632
45,449 5,215 0,219
45,474 4,550 -0,073
45,499 3,885 -0,437
45,524 3,150 -0,802
45,549 2,485 -1,045
45,574 1,680 -1,361
45,599 0,875 -1,579
45,624 -0,035 -1,847
45,649 -0,910 -2,041
45,674 -1,785 -2,138
45,699 -2,555 -2,284
45,724 -3,395 -2,333
45,749 -4,235 -2,406
45,774 -5,005 -2,381
45,799 -5,635 -2,406
45,824 -6,370 -2,357
45,849 -7,035 -2,260
45,874 -7,595 -2,187
45,899 -7,980 -2,163
45,924 -8,400 -1,944
45,949 -8,680 -1,750
45,974 -8,960 -1,652
45,999 -9,100 -1,458
46,024 -9,205 -1,239
46,049 -9,100 -1,093
46,074 -9,030 -0,850
46,099 -8,750 -0,680
46,124 -8,575 -0,462
46,149 -8,120 -0,316
46,174 -7,665 -0,097
46,199 -7,035 0,146
46,224 -6,580 0,292
46,249 -5,845 0,462
46,274 -5,040 0,607
46,299 -4,375 0,802
46,324 -3,640 0,996
46,349 -2,730 1,142
46,374 -1,890 1,288
46,399 -0,910 1,458
46,424 0,035 1,604
46,449 0,980 1,725
46,474 1,925 1,920
46,499 2,695 1,968
46,524 3,535 2,138
46,549 4,270 2,236
46,574 5,110 2,357
46,599 5,845 2,454
46,624 6,405 2,551
46,649 6,895 2,649
46,674 7,385 2,746
46,699 7,805 2,843
46,724 7,910 2,965
46,749 8,120 2,965
46,774 8,120 3,037
46,799 8,190 3,159
46,824 7,980 3,208
46,849 7,805 3,208
46,874 7,455 3,305
46,899 6,965 3,305
46,924 6,405 3,256
46,949 5,810 3,305
46,974 5,215 3,353
46,999 4,515 3,183
47,024 3,745 3,232
47,049 2,905 3,086
47,074 1,995 3,013
47,099 1,260 2,916
47,124 0,210 2,843
47,149 -0,735 2,746
47,174 -1,610 2,527
47,199 -2,345 2,333
47,224 -3,150 2,187
47,249 -3,990 1,920
47,274 -4,725 1,701
47,299 -5,495 1,434
47,324 -6,125 1,166
47,349 -6,790 0,875
47,374 -7,280 0,607
47,399 -7,700 0,340
47,424 -8,155 -0,024
47,449 -8,470 -0,340
47,474 -8,610 -0,632
47,499 -8,715 -0,923
47,524 -8,820 -1,288
47,549 -8,785 -1,604
47,574 -8,680 -1,847
47,599 -8,400 -2,163
47,624 -8,190 -2,430
47,649 -7,665 -2,697
47,674 -7,280 -2,867
47,699 -6,825 -3,062
47,724 -6,195 -3,256
47,749 -5,565 -3,353
47,774 -4,970 -3,426
47,799 -4,340 -3,426
47,824 -3,500 -3,402
47,849 -2,695 -3,353
47,874 -1,925 -3,280
47,899 -1,155 -3,110
47,924 -0,385 -2,916
47,949 0,350 -2,746
47,974 1,050 -2,454
47,999 1,960 -2,114
48,024 2,695 -1,725
48,049 3,360 -1,337
48,074 4,060 -0,923
48,099 4,620 -0,462
48,124 5,110 0,000
48,149 5,565 0,462
48,174 5,915 0,996
48,199 6,160 1,555
48,224 6,510 2,114
48,249 6,545 2,600
48,274 6,650 3,110
48,299 6,545 3,694
48,324 6,370 4,155
48,349 6,230 4,593
48,374 5,985 5,030
48,399 5,670 5,443
48,424 5,250 5,832
48,449 4,760 6,172
48,474 4,305 6,439
48,499 3,710 6,682
48,524 3,150 6,853
48,549 2,485 6,974
48,574 1,785 7,023
48,599 1,155 7,047
48,624 0,490 6,998
48,649 -0,175 6,780
48,674 -0,910 6,585
48,699 -1,575 6,318
48,724 -2,310 5,978
48,749 -2,870 5,613
48,774 -3,500 5,103
48,799 -3,990 4,641
48,824 -4,550 4,107
48,849 -4,970 3,475
48,874 -5,285 2,794
48,899 -5,635 2,114
48,924 -5,845 1,409
48,949 -6,160 0,705
48,974 -6,230 0,024
48,999 -6,370 -0,729
49,024 -6,405 -1,482
49,049 -6,370 -2,211
49,074 -6,265 -2,867
49,099 -6,300 -3,475
49,124 -6,020 -4,107
49,149 -5,880 -4,641
49,174 -5,460 -5,176
49,199 -5,180 -5,638
49,224 -4,900 -6,002
49,249 -4,480 -6,318
49,274 -4,060 -6,488
49,299 -3,535 -6,634
49,324 -3,150 -6,731
49,349 -2,695 -6,682
49,374 -2,135 -6,610
49,399 -1,680 -6,464
49,424 -1,155 -6,221
49,449 -0,735 -5,856
49,474 -0,175 -5,540
49,499 0,105 -4,981
49,524 0,630 -4,520
49,549 1,155 -3,839
49,574 1,540 -3,232
49,599 1,890 -2,479
49,624 2,100 -1,750
49,649 2,380 -0,948
49,674 2,660 -0,121
49,699 2,870 0,778
49,724 3,010 1,604
49,749 3,150 2,479
49,774 3,185 3,280
49,799 3,115 4,131
49,824 3,115 4,933
49,849 3,150 5,686
49,874 3,045 6,367
49,899 2,975 7,023
49,924 2,730 7,606
49,949 2,485 8,213
49,974 2,240 8,602
49,999 2,030 8,918
50,024 1,820 9,161
50,049 1,540 9,428
50,075 1,365 9,598
50,100 0,980 9,598
50,125 0,700 9,428
50,150 0,420 9,258
50,175 0,105 8,942
50,200 -0,175 8,529
50,225 -0,525 8,068
50,250 -0,700 7,582
50,275 -0,945 7,047
50,300 -1,155 6,318
50,325 -1,470 5,613
50,350 -1,645 4,763
50,375 -1,820 3,937
50,400 -2,065 3,013
50,425 -2,170 2,090
50,450 -2,205 1,142
50,475 -2,450 0,243
50,500 -2,590 -0,656
50,525 -2,590 -1,677
50,550 -2,590 -2,527
50,575 -2,660 -3,378
50,600 -2,905 -4,155
50,625 -2,800 -4,860
50,650 -2,765 -5,540
50,675 -2,765 -6,172
50,700 -2,835 -6,731
50,725 -2,800 -7,241
50,750 -2,905 -7,606
50,775 -2,765 -7,873
50,800 -2,660 -8,043
50,825 -2,695 -8,092
50,850 -2,660 -8,092
50,875 -2,625 -8,019
50,900 -2,520 -7,873
50,925 -2,520 -7,557
50,950 -2,380 -7,168
50,975 -2,310 -6,707
51,000 -2,240 -6,148
51,025 -2,135 -5,516
51,050 -2,065 -4,811
51,075 -1,995 -4,010
51,100 -1,890 -3,256
51,125 -1,925 -2,406
51,150 -1,750 -1,482
51,175 -1,680 -0,559
51,200 -1,575 0,437
51,225 -1,400 1,409
51,250 -1,295 2,284
51,275 -1,085 3,208
51,300 -1,050 4,034
51,325 -0,910 4,957
51,350 -0,770 5,759
51,375 -0,595 6,537
51,400 -0,315 7,193
51,425 -0,245 7,825
51,450 -0,035 8,359
51,475 0,280 8,845
51,500 0,490 9,185
51,525 0,630 9,477
51,550 0,875 9,671
51,575 0,980 9,744
51,600 1,260 9,769
51,625 1,295 9,623
51,650 1,575 9,428
51,675 1,715 9,137
51,700 1,855 8,724
51,725 1,855 8,286
51,750 2,135 7,679
51,775 2,170 7,120
51,800 2,240 6,488
51,825 2,205 5,759
51,850 2,310 4,957
51,875 2,380 4,155
51,900 2,275 3,305
51,925 2,205 2,406
51,950 2,170 1,507
51,975 1,925 0,607
52,000 1,750 -0,364
52,025 1,610 -1,142
52,050 1,295 -1,944
52,075 0,945 -2,746
52,100 0,700 -3,451
52,125 0,490 -4,180
52,150 0,175 -4,787
52,175 -0,245 -5,419
52,200 -0,595 -5,832
52,225 -1,015 -6,318
52,250 -1,540 -6,634
52,275 -1,820 -6,925
52,300 -2,170 -7,096
52,325 -2,660 -7,168
52,350 -3,080 -7,168
52,375 -3,500 -7,023
52,400 -3,745 -6,877
52,425 -4,235 -6,658
52,450 -4,550 -6,318
52,475 -4,760 -5,881
52,500 -5,005 -5,395
52,525 -5,145 -4,860
52,550 -5,390 -4,277
52,575 -5,530 -3,621
52,600 -5,600 -2,892
52,625 -5,600 -2,187
52,650 -5,670 -1,409
52,675 -5,600 -0,632
52,700 -5,425 0,121
52,725 -5,425 0,899
52,750 -5,180 1,677
52,775 -4,970 2,430
52,800 -4,690 3,135
52,825 -4,270 3,839
52,850 -3,885 4,471
52,875 -3,395 5,079
52,900 -3,010 5,589
52,925 -2,415 5,978
52,950 -1,855 6,537
52,975 -1,295 6,901
53,000 -0,805 7,168
53,025 -0,175 7,363
53,050 0,385 7,557
53,075 1,015 7,582
53,100 1,575 7,630
53,125 2,240 7,484
53,150 2,800 7,363
53,175 3,395 7,193
53,200 3,920 6,950
53,225 4,410 6,561
53,250 4,795 6,172
53,275 5,110 5,808
53,300 5,390 5,297
53,325 5,635 4,763
53,350 5,740 4,301
53,375 5,915 3,766
53,400 6,020 3,159
53,425 5,915 2,576
53,450 5,740 1,993
53,475 5,565 1,361
53,500 5,215 0,729
53,525 4,935 0,146
53,550 4,585 -0,389
53,575 4,060 -0,972
53,600 3,570 -1,458
53,625 2,940 -1,944
53,650 2,310 -2,406
53,675 1,715 -2,794
53,700 1,015 -3,062
53,725 0,210 -3,451
53,750 -0,560 -3,645
53,775 -1,295 -3,839
53,800 -1,960 -4,010
53,825 -2,695 -4,107
53,850 -3,465 -4,131
53,875 -4,165 -4,107
53,900 -4,760 -4,082
53,925 -5,390 -3,985
53,950 -6,020 -3,791
53,975 -6,510 -3,596
54,000 -7,000 -3,329
54,025 -7,420 -3,013
54,050 -7,735 -2,770
54,075 -8,050 -2,406
54,100 -8,260 -1,993
54,125 -8,295 -1,652
54,150 -8,365 -1,312
54,175 -8,330 -0,875
54,200 -8,260 -0,462
54,225 -7,945 -0,049
54,250 -7,735 0,413
54,275 -7,280 0,802
54,300 -7,000 1,142
54,325 -6,475 1,482
54,350 -5,915 1,871
54,375 -5,320 2,138
54,400 -4,550 2,479
54,425 -3,815 2,722
54,450 -3,010 3,013
54,475 -2,205 3,208
54,500 -1,365 3,426
54,525 -0,455 3,548
54,550 0,315 3,694
54,575 1,225 3,815
54,600 2,030 3,888
54,625 2,835 3,888
54,650 3,640 3,888
54,675 4,445 3,937
54,700 5,110 3,937
54,725 5,705 3,839
54,750 6,160 3,791
54,775 6,790 3,718
54,800 7,105 3,596
54,825 7,455 3,451
54,850 7,700 3,329
54,875 7,805 3,208
54,900 7,805 3,037
54,925 7,770 2,843
54,950 7,665 2,624
54,975 7,420 2,503
55,000 7,035 2,357
55,025 6,510 2,138
55,050 6,020 1,944
55,075 5,460 1,774
55,100 4,830 1,628
55,125 4,130 1,458
55,150 3,185 1,264
55,175 2,520 1,069
55,200 1,610 0,923
55,225 0,840 0,802
55,250 -0,140 0,656
55,275 -0,875 0,437
55,300 -1,750 0,267
55,325 -2,695 0,194
55,350 -3,640 0,097
55,375 -4,445 -0,024
55,400 -5,075 -0,121
55,425 -5,880 -0,340
55,450 -6,545 -0,437
55,475 -7,140 -0,510
55,500 -7,700 -0,632
55,525 -8,120 -0,705
55,550 -8,400 -0,850
55,575 -8,715 -0,948
55,600 -8,820 -1,045
55,625 -8,890 -1,166
55,650 -8,925 -1,166
55,675 -8,855 -1,288
55,700 -8,750 -1,409
55,725 -8,610 -1,434
55,750 -8,400 -1,507
55,775 -7,910 -1,555
55,800 -7,455 -1,531
55,825 -6,860 -1,579
55,850 -6,265 -1,555
55,875 -5,635 -1,482
55,900 -4,900 -1,458
55,925 -4,060 -1,361
55,950 -3,395 -1,361
55,975 -2,415 -1,264
56,000 -1,645 -1,166
56,025 -0,770 -1,045
56,050 0,175 -0,850
56,076 1,050 -0,632
56,101 1,820 -0,413
56,126 2,590 -0,219
56,151 3,395 0,073
56,176 4,165 0,292
56,201 4,970 0,607
56,226 5,460 0,875
56,251 5,985 1,239
56,276 6,440 1,531
56,301 6,860 1,895
56,326 7,105 2,211
56,351 7,245 2,527
56,376 7,385 2,843
56,401 7,420 3,135
56,426 7,315 3,426
56,451 7,280 3,718
56,476 6,895 4,010
56,501 6,615 4,228
56,526 6,230 4,495
56,551 5,670 4,739
56,576 5,145 4,884
56,601 4,585 5,030
56,626 3,955 5,103
56,651 3,220 5,176
56,676 2,485 5,152
56,701 1,680 5,200
56,726 0,945 5,103
56,751 0,070 5,006
56,776 -0,700 4,909
56,801 -1,505 4,714
56,826 -2,240 4,447
56,851 -3,010 4,180
56,876 -3,780 3,839
56,901 -4,340 3,451
56,926 -5,005 3,062
56,951 -5,530 2,624
56,976 -6,125 2,260
57,001 -6,370 1,798
57,026 -6,825 1,215
57,051 -7,175 0,632
57,076 -7,245 0,121
57,101 -7,560 -0,364
57,126 -7,560 -0,899
57,151 -7,630 -1,507
57,176 -7,560 -2,065
57,201 -7,420 -2,527
57,226 -7,210 -3,013
57,251 -6,930 -3,426
57,276 -6,650 -3,912
57,301 -6,195 -4,155
57,326 -5,810 -4,471
57,351 -5,425 -4,787
57,376 -4,830 -5,006
57,401 -4,270 -5,103
57,426 -3,640 -5,273
57,451 -3,115 -5,273
57,476 -2,520 -5,273
57,501 -1,820 -5,103
57,526 -1,155 -4,981
57,551 -0,525 -4,641
57,576 0,105 -4,398
57,601 0,700 -4,034
57,626 1,330 -3,621
57,651 1,855 -3,110
57,676 2,380 -2,551
57,701 2,835 -1,993
57,726 3,325 -1,337
57,751 3,640 -0,753
57,776 4,095 -0,049
57,801 4,375 0,583
57,826 4,585 1,337
57,851 4,690 1,993
57,876 4,760 2,746
57,901 4,795 3,451
57,926 4,795 4,058
57,951 4,620 4,739
57,976 4,585 5,346
58,001 4,270 5,954
58,026 4,130 6,537
58,052 3,850 7,047
58,077 3,535 7,411
58,102 3,080 7,776
58,127 2,695 8,043
58,152 2,205 8,238
58,177 1,715 8,408
58,202 1,225 8,481
58,227 0,700 8,456
58,252 0,350 8,286
58,277 -0,175 8,116
58,302 -0,630 7,825
58,327 -1,085 7,484
58,352 -1,575 7,071
58,377 -1,960 6,585
58,402 -2,310 6,026
58,427 -2,730 5,395
58,452 -2,940 4,690
58,477 -3,325 3,985
58,502 -3,535 3,183
58,527 -3,850 2,406
58,552 -3,955 1,579
58,577 -4,060 0,729
58,602 -4,305 -0,146
58,627 -4,375 -1,021
58,652 -4,375 -1,823
58,677 -4,410 -2,673
58,702 -4,340 -3,426
58,727 -4,305 -4,082
58,752 -4,235 -4,811
58,777 -4,095 -5,419
58,802 -3,990 -5,978
58,827 -3,850 -6,488
58,852 -3,675 -6,804
58,877 -3,395 -7,168
58,902 -3,255 -7,411
58,927 -3,010 -7,533
58,952 -2,800 -7,582
58,977 -2,485 -7,582
59,002 -2,345 -7,436
59,027 -2,065 -7,193
59,052 -1,785 -6,901
59,077 -1,505 -6,561
59,102 -1,295 -6,051
59,127 -0,875 -5,516
59,152 -0,735 -4,836
59,177 -0,490 -4,180
59,202 -0,315 -3,402
59,227 -0,105 -2,697
59,252 0,035 -1,847
59,277 0,175 -0,948
59,302 0,350 -0,024
59,327 0,490 0,875
59,352 0,560 1,774
59,377 0,735 2,722
59,402 0,805 3,572
59,427 0,945 4,350
59,452 1,050 5,176
59,477 0,980 5,954
59,502 1,085 6,731
59,527 1,050 7,339
59,552 1,120 7,946
59,577 1,120 8,456
59,602 1,155 8,967
59,627 1,190 9,234
59,652 1,085 9,526
59,677 1,050 9,647
59,702 1,015 9,769
59,727 0,910 9,720
59,752 1,015 9,574
59,777 1,015 9,307
59,802 0,910 9,064
59,827 0,805 8,602
59,852 0,700 8,165
59,877 0,665 7,557
59,902 0,630 6,925
59,927 0,560 6,245
59,952 0,455 5,443
59,977 0,420 4,666
60,002 0,420 3,815
60,027 0,350 2,892
60,053 0,210 1,968
60,078 0,070 1,045
60,103 -0,105 0,073
60,128 -0,245 -0,753
60,153 -0,420 -1,701
60,178 -0,630 -2,551
60,203 -0,805 -3,378
60,228 -0,945 -4,204
60,253 -1,085 -4,884
60,278 -1,365 -5,467
60,303 -1,470 -6,075
60,328 -1,715 -6,561
60,353 -1,890 -6,925
60,378 -2,170 -7,217
60,403 -2,310 -7,509
60,428 -2,590 -7,654
60,453 -2,660 -7,703
60,478 -2,905 -7,679
60,503 -3,045 -7,557
60,528 -3,290 -7,266
60,553 -3,395 -6,974
60,578 -3,535 -6,585
60,603 -3,640 -6,172
60,628 -3,780 -5,565
60,653 -3,815 -4,909
60,678 -3,920 -4,301
60,703 -3,850 -3,572
60,728 -3,920 -2,819
60,753 -3,885 -1,944
60,778 -3,920 -1,166
60,803 -3,745 -0,316
60,828 -3,605 0,607
60,853 -3,465 1,385
60,878 -3,395 2,260
60,903 -3,115 3,110
60,928 -2,870 3,937
60,953 -2,695 4,690
60,978 -2,450 5,395
61,003 -2,030 6,051
61,028 -1,750 6,610
61,053 -1,260 7,217
61,078 -0,910 7,630
61,103 -0,595 8,068
61,128 -0,175 8,335
61,153 0,315 8,554
61,178 0,735 8,675
61,203 1,155 8,675
61,228 1,505 8,675
61,253 1,925 8,529
61,278 2,240 8,311
61,303 2,695 8,019
61,328 3,080 7,703
61,353 3,360 7,266
61,378 3,570 6,780
61,403 3,850 6,269
61,428 4,025 5,638
61,453 4,200 4,981
61,478 4,235 4,325
61,503 4,235 3,621
61,528 4,340 2,916
61,553 4,305 2,138
61,578 4,060 1,385
61,603 3,850 0,656
61,628 3,605 -0,073
61,653 3,255 -0,705
61,678 3,010 -1,385
61,703 2,555 -2,065
61,728 2,065 -2,673
61,753 1,610 -3,232
61,778 1,225 -3,742
61,803 0,595 -4,228
61,828 0,105 -4,641
61,853 -0,455 -4,957
61,878 -1,050 -5,224
61,903 -1,715 -5,370
61,928 -2,415 -5,540
61,953 -2,975 -5,638
61,978 -3,570 -5,565
62,003 -3,955 -5,540
62,028 -4,550 -5,395
62,055 -5,005 -5,176
62,080 -5,425 -4,787
62,105 -5,880 -4,520
62,130 -6,265 -4,082
62,155 -6,545 -3,621
62,180 -6,790 -3,159
62,205 -6,965 -2,722
62,230 -7,210 -2,163
62,255 -7,175 -1,604
62,280 -7,210 -1,021
62,305 -7,105 -0,462
62,330 -7,000 0,097
62,355 -6,685 0,656
62,380 -6,510 1,288
62,405 -6,125 1,895
62,430 -5,810 2,406
62,455 -5,250 2,843
62,480 -4,760 3,378
62,505 -4,200 3,815
62,530 -3,570 4,155
62,555 -2,905 4,495
62,580 -2,275 4,811
62,605 -1,505 5,054
62,630 -0,700 5,395
62,655 -0,070 5,467
62,680 0,595 5,565
62,705 1,365 5,613
62,730 2,170 5,613
62,755 2,870 5,589
62,780 3,640 5,516
62,805 4,305 5,395
62,830 4,795 5,249
62,855 5,390 5,030
62,880 5,810 4,860
62,905 6,195 4,544
62,930 6,475 4,252
62,955 6,720 3,912
62,980 6,860 3,572
63,005 7,035 3,256
63,030 6,965 2,916
63,055 6,825 2,527
63,080 6,720 2,163
63,105 6,545 1,725
63,130 6,055 1,337
63,155 5,635 0,972
63,180 5,180 0,680
63,205 4,760 0,364
63,230 4,095 0,049
63,255 3,290 -0,340
63,280 2,695 -0,583
63,305 1,820 -0,923
63,330 1,015 -1,069
63,355 0,175 -1,288
63,380 -0,630 -1,458
63,405 -1,365 -1,628
63,430 -2,275 -1,725
63,455 -3,045 -1,895
63,480 -3,850 -1,920
63,505 -4,550 -2,017
63,530 -5,250 -1,944
63,555 -5,915 -1,993
63,580 -6,650 -1,920
63,605 -7,105 -1,895
63,630 -7,595 -1,798
63,655 -8,015 -1,750
63,680 -8,330 -1,628
63,705 -8,540 -1,531
63,730 -8,715 -1,385
63,755 -8,820 -1,191
63,780 -8,820 -1,069
63,805 -8,645 -1,021
63,830 -8,540 -0,778
63,855 -8,295 -0,632
63,880 -8,050 -0,437
63,905 -7,490 -0,340
63,930 -7,000 -0,170
63,955 -6,440 0,024
63,980 -5,810 0,194
64,005 -5,110 0,316
64,030 -4,480 0,437
64,056 -3,605 0,583
64,081 -2,765 0,778
64,106 -1,960 0,899
64,131 -1,085 1,069
64,156 -0,280 1,191
64,181 0,595 1,337
64,206 1,435 1,458
64,231 2,310 1,604
64,256 3,185 1,725
64,281 3,885 1,871
64,306 4,585 2,017
64,331 5,180 2,187
64,356 5,810 2,357
64,381 6,370 2,479
64,406 6,825 2,576
64,431 7,175 2,673
64,456 7,420 2,746
64,481 7,560 2,916
64,506 7,770 3,013
64,531 7,595 3,135
64,556 7,490 3,159
64,581 7,385 3,305
64,606 7,070 3,280
64,631 6,545 3,305
64,656 6,125 3,353
64,681 5,600 3,426
64,706 5,040 3,451
64,731 4,340 3,451
64,756 3,675 3,402
64,781 2,870 3,280
64,806 2,030 3,256
64,831 1,225 3,232
64,856 0,525 3,037
64,881 -0,350 2,916
64,906 -1,120 2,746
64,931 -2,100 2,649
64,956 -2,870 2,406
64,981 -3,570 2,187
65,006 -4,410 2,017
65,031 -5,040 1,774
65,056 -5,740 1,458
65,081 -6,265 1,215
65,106 -6,720 0,923
65,131 -7,245 0,535
65,156 -7,595 0,219
65,181 -7,875 -0,097
65,206 -8,085 -0,413
65,231 -8,295 -0,753
65,256 -8,330 -1,093
65,281 -8,470 -1,361
65,306 -8,260 -1,750
65,331 -8,155 -1,993
65,356 -7,840 -2,333
65,381 -7,525 -2,527
65,406 -7,175 -2,770
65,431 -6,685 -2,989
65,456 -6,125 -3,208
65,481 -5,600 -3,232
65,506 -4,970 -3,378
65,531 -4,235 -3,499
65,556 -3,535 -3,499
65,581 -2,765 -3,402
65,606 -2,170 -3,280
65,631 -1,435 -3,183
65,656 -0,630 -3,086
65,681 0,070 -2,843
65,706 0,840 -2,576
65,731 1,610 -2,284
65,756 2,205 -1,920
65,781 2,870 -1,507
65,806 3,430 -1,045
65,831 3,990 -0,632
65,856 4,515 -0,243
65,881 4,935 0,316
65,906 5,495 0,875
65,931 5,705 1,361
65,956 5,845 1,871
65,981 5,985 2,430
66,006 6,055 2,916
66,031 5,985 3,451
66,056 5,950 4,010
66,081 5,880 4,423
66,106 5,740 4,981
66,131 5,355 5,346
66,156 4,935 5,686
66,181 4,620 6,051
66,206 4,130 6,294
66,231 3,500 6,585
66,256 2,975 6,804
66,281 2,380 6,877
66,306 1,750 6,998
66,331 1,085 7,023
66,356 0,455 6,877
66,381 -0,140 6,804
66,406 -0,770 6,634
66,431 -1,330 6,342
66,456 -1,960 6,075
66,481 -2,520 5,710
66,506 -3,010 5,249
66,531 -3,535 4,739
66,556 -4,060 4,204
66,581 -4,445 3,596
66,606 -4,865 2,916
66,631 -5,180 2,308
66,656 -5,355 1,628
66,681 -5,565 0,972
66,706 -5,705 0,219
66,731 -5,915 -0,462
66,756 -5,880 -1,191
66,781 -5,950 -1,920
66,806 -5,845 -2,576
66,831 -5,740 -3,232
66,856 -5,670 -3,766
66,881 -5,635 -4,325
66,906 -5,250 -4,836
66,931 -5,040 -5,273
66,956 -4,690 -5,638
66,981 -4,270 -5,954
67,006 -3,850 -6,269
67,031 -3,570 -6,391
67,056 -3,150 -6,464
67,081 -2,695 -6,512
67,106 -2,380 -6,488
67,131 -1,890 -6,367
67,156 -1,400 -6,099
67,181 -1,050 -5,783
67,206 -0,595 -5,419
67,231 -0,140 -4,981
67,256 0,350 -4,471
67,281 0,630 -3,864
67,306 1,050 -3,208
67,331 1,365 -2,576
67,356 1,645 -1,871
67,381 1,890 -1,093
67,406 2,170 -0,340
67,431 2,345 0,559
67,456 2,485 1,337
67,481 2,555 2,187
67,506 2,660 2,989
67,531 2,730 3,815
67,558 2,730 4,641
67,583 2,555 5,370
67,608 2,590 6,075
67,633 2,520 6,731
67,658 2,345 7,266
67,683 2,170 7,849
67,708 2,135 8,262
67,733 1,925 8,627
67,758 1,645 8,821
67,783 1,435 9,040
67,808 1,190 9,161
67,833 0,945 9,258
67,858 0,770 9,210
67,883 0,455 8,991
67,908 0,280 8,772
67,933 -0,035 8,432
67,958 -0,105 7,995
67,983 -0,490 7,484
68,008 -0,700 6,950
68,033 -1,050 6,269
68,058 -1,190 5,516
68,083 -1,260 4,811
68,108 -1,435 4,034
68,133 -1,575 3,135
68,158 -1,750 2,308
68,183 -1,995 1,458
68,208 -2,065 0,510
68,233 -2,170 -0,413
68,258 -2,275 -1,312
68,283 -2,345 -2,163
68,308 -2,380 -2,965
68,333 -2,520 -3,718
68,358 -2,555 -4,447
68,383 -2,660 -5,054
68,408 -2,590 -5,686
68,433 -2,625 -6,245
68,458 -2,730 -6,707
68,483 -2,695 -7,096
68,508 -2,695 -7,411
68,533 -2,800 -7,582
68,558 -2,730 -7,727
68,583 -2,695 -7,752
68,608 -2,625 -7,606
68,633 -2,555 -7,484
68,658 -2,520 -7,193
68,683 -2,590 -6,853
68,708 -2,520 -6,439
68,733 -2,485 -5,905
68,758 -2,380 -5,346
68,783 -2,415 -4,641
68,808 -2,310 -3,985
68,833 -2,205 -3,183
68,858 -2,065 -2,430
68,883 -2,135 -1,604
68,908 -1,890 -0,680
68,933 -1,680 0,194
68,958 -1,575 1,118
68,983 -1,540 1,993
69,008 -1,400 2,916
69,033 -1,260 3,766
69,058 -1,120 4,593
69,083 -0,875 5,346
69,108 -0,665 6,051
69,133 -0,525 6,682
69,158 -0,385 7,290
69,183 -0,175 7,825
69,208 0,070 8,311
69,233 0,175 8,724
69,258 0,455 8,942
69,283 0,700 9,210
69,308 0,840 9,283
69,333 0,875 9,404
69,358 1,295 9,234
69,383 1,400 9,064
69,408 1,680 8,772
69,433 1,890 8,481
69,458 1,960 8,019
69,483 2,030 7,509
69,508 2,205 6,925
69,533 2,310 6,294
69,558 2,345 5,638
69,583 2,345 4,909
69,608 2,380 4,180
69,633 2,345 3,402
69,658 2,240 2,551
69,683 2,135 1,701
69,708 2,100 0,826
69,733 1,820 0,024
69,758 1,750 -0,826
69,783 1,505 -1,579
69,808 1,260 -2,308
69,833 0,910 -2,989
69,858 0,595 -3,718
69,883 0,280 -4,277
69,908 -0,105 -4,836
69,933 -0,595 -5,297
69,958 -0,980 -5,735
69,983 -1,330 -6,075
70,008 -1,645 -6,342
70,033 -2,240 -6,488
70,060 -2,590 -6,634
70,085 -2,940 -6,610
70,110 -3,255 -6,585
70,135 -3,745 -6,391
70,160 -4,025 -6,172
70,185 -4,375 -5,905
70,210 -4,620 -5,540
70,235 -4,900 -5,054
70,260 -5,145 -4,617
70,285 -5,320 -4,058
70,310 -5,355 -3,475
70,335 -5,600 -2,843
70,360 -5,600 -2,187
70,385 -5,740 -1,409
70,410 -5,705 -0,778
70,435 -5,600 -0,024
70,460 -5,495 0,680
70,485 -5,320 1,434
70,510 -4,935 2,138
70,535 -4,725 2,892
70,560 -4,375 3,475
70,585 -3,990 4,180
70,610 -3,535 4,690
70,635 -3,115 5,152
70,660 -2,625 5,662
70,685 -2,065 6,026
70,710 -1,435 6,439
70,735 -0,910 6,682
70,760 -0,280 6,877
70,785 0,245 7,071
70,810 0,980 7,120
70,835 1,505 7,168
70,860 2,030 7,120
70,885 2,590 7,047
70,910 3,115 6,828
70,935 3,675 6,610
70,960 4,130 6,294
70,985 4,515 5,978
71,010 5,040 5,540
71,035 5,180 5,127
71,060 5,530 4,666
71,085 5,740 4,228
71,110 5,740 3,718
71,135 5,775 3,208
71,160 5,775 2,576
71,185 5,600 2,114
71,210 5,390 1,507
71,235 5,110 0,972
71,260 4,795 0,364
71,285 4,270 -0,121
71,310 3,920 -0,607
71,335 3,500 -1,045
71,360 3,010 -1,531
71,385 2,345 -1,993
71,410 1,610 -2,406
71,435 0,980 -2,697
71,460 0,315 -2,940
71,485 -0,385 -3,183
71,510 -1,085 -3,378
71,535 -1,785 -3,475
71,560 -2,520 -3,548
71,585 -3,220 -3,645
71,610 -3,920 -3,669
71,635 -4,620 -3,621
71,660 -5,180 -3,548
71,685 -5,705 -3,378
71,710 -6,230 -3,159
71,735 -6,685 -3,013
71,760 -7,105 -2,770
71,785 -7,490 -2,551
71,810 -7,700 -2,260
71,835 -7,910 -1,920
71,860 -8,120 -1,555
71,885 -8,120 -1,166
71,910 -8,120 -0,826
71,935 -7,980 -0,437
71,960 -7,665 -0,121
71,985 -7,525 0,243
72,010 -7,105 0,632
72,035 -6,720 0,899
72,060 -6,265 1,215
72,085 -5,705 1,531
72,110 -5,075 1,847
72,135 -4,480 2,114
72,160 -3,815 2,381
72,185 -3,080 2,649
72,210 -2,380 2,867
72,235 -1,540 2,989
72,260 -0,630 3,135
72,285 0,140 3,353
72,310 0,875 3,402
72,335 1,715 3,475
72,360 2,625 3,499
72,385 3,290 3,621
72,410 4,025 3,621
72,435 4,655 3,621
72,460 5,215 3,596
72,485 5,845 3,548
72,510 6,335 3,499
72,535 6,685 3,426
72,560 7,070 3,280
72,585 7,210 3,256
72,610 7,455 3,135
72,635 7,420 2,989
72,660 7,420 2,843
72,685 7,315 2,794
72,710 6,930 2,624
72,735 6,685 2,479
72,760 6,335 2,284
72,785 5,775 2,090
72,810 5,320 1,993
72,835 4,760 1,920
72,860 3,990 1,677
72,885 3,255 1,531
72,910 2,485 1,409
72,935 1,680 1,239
72,960 0,805 1,045
72,985 0,035 0,948
73,010 -0,840 0,778
73,035 -1,715 0,656
73,060 -2,520 0,486
73,085 -3,325 0,413
73,110 -4,060 0,194
73,135 -4,900 0,121
73,160 -5,530 -0,073
73,185 -6,195 -0,219
73,210 -6,755 -0,292
73,235 -7,350 -0,437
73,260 -7,665 -0,583
73,285 -7,945 -0,680
73,310 -8,330 -0,802
73,335 -8,470 -0,850
73,360 -8,540 -0,996
73,385 -8,610 -1,118
73,410 -8,680 -1,239
73,435 -8,470 -1,361
73,460 -8,260 -1,434
73,485 -8,015 -1,531
73,510 -7,595 -1,652
73,535 -7,245 -1,604
73,560 -6,650 -1,579
73,585 -6,090 -1,628
73,610 -5,460 -1,652
73,635 -4,760 -1,604
73,660 -4,095 -1,507
73,685 -3,290 -1,409
73,710 -2,590 -1,409
73,735 -1,785 -1,288
73,760 -0,945 -1,191
73,785 -0,105 -0,972
73,810 0,630 -0,826
73,835 1,435 -0,559
73,860 2,275 -0,316
73,885 2,905 -0,073
73,910 3,745 0,121
73,935 4,410 0,413
73,960 4,865 0,729
73,985 5,390 1,093
74,010 5,775 1,409
74,035 6,230 1,774
74,060 6,580 2,090
74,085 6,650 2,381
74,110 6,790 2,770
74,135 6,860 3,062
74,160 6,895 3,280
74,185 6,720 3,596
74,210 6,405 3,912
74,235 6,160 4,204
74,260 5,880 4,398
74,285 5,460 4,617
74,310 4,900 4,884
74,335 4,340 5,054
74,360 3,745 5,103
74,385 3,010 5,224
74,410 2,240 5,249
74,435 1,610 5,200
74,460 0,945 5,152
74,485 0,105 5,079
74,510 -0,490 4,933
74,535 -1,330 4,811
74,560 -2,030 4,544
74,585 -2,730 4,277
74,610 -3,430 3,961
74,635 -4,025 3,645
74,660 -4,585 3,232
74,685 -5,145 2,843
74,710 -5,670 2,357
74,735 -5,985 1,823
74,760 -6,265 1,312
74,785 -6,615 0,850
74,810 -6,895 0,340
74,835 -7,070 -0,194
74,860 -7,175 -0,778
74,885 -7,245 -1,312
74,910 -7,140 -1,847
74,935 -7,035 -2,381
74,960 -6,790 -2,770
74,985 -6,615 -3,208
75,010 -6,370 -3,645
75,035 -6,020 -4,034
75,062 -5,530 -4,350
75,087 -5,180 -4,617
75,112 -4,655 -4,860
75,137 -4,235 -4,981
75,162 -3,605 -5,103
75,187 -3,045 -5,103
75,212 -2,415 -5,054
75,237 -1,890 -5,006
75,262 -1,190 -4,787
75,287 -0,665 -4,568
75,312 -0,175 -4,252
75,337 0,350 -3,912
75,362 0,980 -3,499
75,387 1,540 -3,013
75,412 2,065 -2,551
75,437 2,555 -1,993
75,462 2,905 -1,385
75,487 3,255 -0,778
75,512 3,570 -0,146
75,537 3,815 0,510
75,562 4,095 1,166
75,587 4,235 1,920
75,612 4,375 2,551
75,637 4,305 3,232
75,662 4,305 3,888
75,687 4,235 4,568
75,712 4,235 5,152
75,737 3,990 5,759
75,762 3,675 6,269
75,787 3,500 6,731
75,812 3,185 7,144
75,837 2,835 7,509
75,862 2,415 7,776
75,887 2,030 8,043
75,912 1,645 8,116
75,937 1,225 8,189
75,962 0,735 8,238
75,987 0,350 8,140
76,012 -0,035 7,922
76,037 -0,560 7,679
76,062 -0,875 7,290
76,087 -1,295 6,974
76,112 -1,645 6,512
76,137 -1,995 6,002
76,162 -2,380 5,395
76,187 -2,765 4,739
76,212 -3,010 4,010
76,237 -3,290 3,305
76,262 -3,360 2,527
76,287 -3,640 1,652
76,312 -3,850 0,826
76,337 -3,920 0,024
76,362 -4,095 -0,753
76,387 -4,165 -1,604
76,412 -4,235 -2,333
76,437 -4,165 -3,037
76,462 -3,990 -3,791
76,487 -3,990 -4,398
76,512 -3,885 -5,030
76,537 -3,920 -5,540
76,562 -3,605 -6,002
76,587 -3,430 -6,415
76,612 -3,395 -6,731
76,637 -3,255 -6,998
76,662 -3,045 -7,168
76,687 -2,835 -7,217
76,712 -2,590 -7,193
76,737 -2,345 -7,096
76,762 -2,065 -6,901
76,787 -1,890 -6,610
76,812 -1,645 -6,269
76,837 -1,540 -5,808
76,862 -1,190 -5,297
76,887 -1,085 -4,641
76,912 -0,735 -4,082
76,937 -0,595 -3,329
76,962 -0,420 -2,600
76,987 -0,175 -1,823
77,012 -0,000 -0,972
77,037 0,105 -0,146
77,062 0,210 0,729
77,087 0,350 1,652
77,112 0,490 2,454
77,137 0,595 3,353
77,162 0,630 4,180
77,187 0,630 4,909
77,212 0,735 5,662
77,237 0,840 6,415
77,262 0,910 6,998
77,287 0,875 7,582
77,312 0,910 8,068
77,337 0,840 8,505
77,362 0,945 8,845
77,387 0,910 9,137
77,412 1,015 9,234
77,437 1,050 9,380
77,462 0,945 9,307
77,487 0,910 9,234
77,512 0,945 9,015
77,537 0,875 8,724
77,564 0,840 8,311
77,589 0,770 7,825
77,614 0,805 7,266
77,639 0,770 6,682
77,664 0,700 6,002
77,689 0,560 5,297
77,714 0,560 4,568
77,739 0,490 3,718
77,764 0,350 2,892
77,789 0,175 2,041
77,814 0,140 1,118
77,839 0,070 0,267
77,864 -0,000 -0,583
77,889 -0,245 -1,434
77,914 -0,525 -2,260
77,939 -0,595 -2,989
77,964 -0,735 -3,718
77,989 -1,015 -4,325
78,014 -1,190 -5,006
78,039 -1,400 -5,565
78,064 -1,610 -6,051
78,089 -1,855 -6,464
78,114 -2,065 -6,828
78,139 -2,205 -7,047
78,164 -2,450 -7,193
78,189 -2,625 -7,241
78,214 -2,835 -7,193
78,239 -2,975 -7,071
78,264 -3,290 -6,877
78,289 -3,360 -6,585
78,314 -3,570 -6,196
78,339 -3,640 -5,783
78,364 -3,710 -5,322
78,389 -3,920 -4,714
78,414 -3,990 -4,082
78,439 -3,955 -3,402
78,464 -4,060 -2,697
78,489 -3,990 -1,968
78,514 -3,920 -1,166
78,539 -3,850 -0,413
78,564 -3,815 0,462
78,589 -3,675 1,288
78,614 -3,430 2,065
78,639 -3,150 2,892
78,664 -3,010 3,621
78,689 -2,730 4,398
78,714 -2,415 5,030
78,739 -2,310 5,686
78,764 -1,785 6,221
78,789 -1,400 6,755
78,814 -1,015 7,241
78,839 -0,700 7,557
78,864 -0,245 7,776
78,889 0,175 8,019
78,914 0,630 8,140
78,939 1,015 8,165
78,964 1,400 8,213
78,989 1,820 8,116
79,014 2,240 7,922
79,039 2,555 7,703
79,064 2,975 7,387
79,089 3,255 7,047
79,114 3,465 6,537
79,139 3,780 6,026
79,164 3,920 5,419
79,189 4,025 4,860
79,214 4,165 4,204
79,239 4,130 3,645
79,264 4,095 2,916
79,289 4,095 2,260
79,314 4,025 1,531
79,339 3,745 0,850
79,364 3,570 0,146
79,389 3,080 -0,462
79,414 2,765 -1,142
79,439 2,415 -1,750
79,464 2,030 -2,333
79,489 1,610 -2,819
79,514 1,120 -3,305
79,539 0,595 -3,791
79,564 0,070 -4,155
79,589 -0,455 -4,447
79,614 -1,015 -4,763
79,639 -1,610 -4,909
79,664 -2,205 -5,030
79,689 -2,730 -5,079
79,714 -3,325 -5,103
79,739 -3,780 -5,054
79,764 -4,375 -4,933
79,789 -4,795 -4,763
79,814 -5,180 -4,520
79,839 -5,600 -4,204
79,864 -5,950 -3,864
79,889 -6,335 -3,402
79,914 -6,650 -3,062
79,939 -6,860 -2,649
79,964 -6,895 -2,114
79,989 -6,930 -1,579
80,014 -6,965 -1,118
80,039 -7,035 -0,559
80,067 -6,825 0,024
80,092 -6,580 0,607
80,117 -6,370 1,118
80,142 -6,055 1,604
80,167 -5,670 2,163
80,192 -5,215 2,600
80,217 -4,760 3,062
80,242 -4,060 3,499
80,267 -3,500 3,815
80,292 -2,975 4,180
80,317 -2,275 4,495
80,342 -1,505 4,714
80,367 -0,910 4,933
80,392 -0,175 5,079
80,417 0,455 5,152
80,442 1,330 5,249
80,467 2,030 5,249
80,492 2,695 5,297
80,517 3,290 5,200
80,542 3,885 5,030
80,567 4,515 5,006
80,592 5,005 4,763
80,617 5,495 4,641
80,642 5,810 4,374
80,667 6,090 4,107
80,692 6,440 3,815
80,717 6,650 3,572
80,742 6,615 3,232
80,767 6,650 2,867
80,792 6,685 2,479
80,817 6,440 2,163
80,842 6,195 1,823
80,867 5,845 1,555
80,892 5,530 1,166
80,917 4,935 0,850
80,942 4,410 0,535
80,967 3,850 0,267
80,992 3,150 -0,097
81,017 2,485 -0,292
81,042 1,785 -0,559
81,067 1,015 -0,826
81,092 0,245 -1,021
81,117 -0,595 -1,142
81,142 -1,295 -1,361
81,167 -2,135 -1,409
81,192 -2,940 -1,507
81,217 -3,640 -1,579
81,242 -4,340 -1,628
81,267 -5,040 -1,677
81,292 -5,705 -1,774
81,317 -6,230 -1,725
81,342 -6,790 -1,652
81,367 -7,315 -1,579
81,392 -7,630 -1,555
81,417 -7,945 -1,434
81,442 -8,260 -1,385
81,467 -8,330 -1,215
81,492 -8,365 -1,166
81,517 -8,400 -1,045
81,542 -8,295 -0,923
81,567 -8,155 -0,778
81,592 -7,980 -0,656
81,617 -7,630 -0,510
81,642 -7,245 -0,486
81,667 -6,755 -0,292
81,692 -6,195 -0,097
81,717 -5,775 0,073
81,742 -5,145 0,170
81,767 -4,375 0,267
81,792 -3,710 0,413
81,817 -2,905 0,510
81,842 -2,030 0,656
81,867 -1,295 0,826
81,892 -0,490 0,972
81,917 0,385 1,118
81,942 1,225 1,288
81,967 2,030 1,409
81,992 2,870 1,531
82,017 3,500 1,725
82,042 4,235 1,823
82,067 4,865 1,968
82,092 5,460 2,163
82,117 5,810 2,236
82,142 6,370 2,430
82,167 6,580 2,600
82,192 6,825 2,649
82,217 7,000 2,794
82,242 7,210 2,940
82,267 7,245 3,062
82,292 7,175 3,135
82,317 6,930 3,183
82,342 6,685 3,280
82,367 6,335 3,305
82,392 5,950 3,499
82,417 5,390 3,451
82,442 4,900 3,451
82,467 4,270 3,451
82,492 3,570 3,451
82,517 2,800 3,402
82,542 2,135 3,329
82,567 1,330 3,305
82,592 0,420 3,208
82,617 -0,315 3,013
82,642 -1,015 2,892
82,667 -1,820 2,697
82,692 -2,625 2,551
82,717 -3,325 2,333
82,742 -4,095 2,114
82,767 -4,760 1,798
82,792 -5,390 1,628
82,817 -5,950 1,312
82,842 -6,405 0,972
82,867 -6,930 0,607
82,892 -7,245 0,292
82,917 -7,455 0,000
82,942 -7,735 -0,364
82,967 -7,840 -0,753
82,992 -7,875 -0,996
83,017 -7,840 -1,337
83,042 -7,805 -1,652
83,067 -7,700 -1,993
83,092 -7,490 -2,211
83,117 -7,175 -2,503
83,142 -6,755 -2,746
83,167 -6,300 -2,965
83,192 -5,915 -3,086
83,217 -5,285 -3,280
83,242 -4,865 -3,378
83,267 -4,200 -3,426
83,292 -3,535 -3,378
83,317 -2,940 -3,378
83,342 -2,100 -3,329
83,367 -1,505 -3,208
83,392 -0,805 -3,013
83,417 -0,140 -2,794
83,442 0,490 -2,551
83,467 1,295 -2,236
83,492 1,960 -1,944
83,517 2,660 -1,579
83,542 3,185 -1,166
83,567 3,780 -0,680
83,592 4,165 -0,267
83,617 4,550 0,219
83,642 4,900 0,778
83,667 5,180 1,312
83,692 5,390 1,798
83,717 5,565 2,284
83,742 5,670 2,819
83,767 5,635 3,378
83,792 5,600 3,864
83,817 5,460 4,301
83,842 5,215 4,690
83,867 5,005 5,152
83,892 4,620 5,540
83,917 4,340 5,881
83,942 3,815 6,172
83,967 3,360 6,342
83,992 2,870 6,585
84,017 2,275 6,707
84,042 1,785 6,853
84,067 1,120 6,804
84,092 0,595 6,755
84,117 0,105 6,658
84,142 -0,630 6,488
84,167 -1,155 6,221
84,192 -1,750 5,954
84,217 -2,205 5,589
84,242 -2,765 5,127
84,267 -3,290 4,690
84,292 -3,710 4,155
84,317 -4,025 3,621
84,342 -4,445 3,037
84,367 -4,760 2,333
84,392 -5,005 1,677
84,417 -5,250 0,996
84,442 -5,390 0,389
84,467 -5,495 -0,340
84,492 -5,565 -0,996
84,517 -5,600 -1,701
84,542 -5,635 -2,308
84,567 -5,530 -2,965
84,592 -5,460 -3,523
84,617 -5,180 -4,155
84,642 -5,110 -4,544
84,667 -4,830 -5,006
84,692 -4,445 -5,443
84,717 -4,095 -5,710
84,742 -3,815 -5,978
84,767 -3,465 -6,196
84,792 -3,150 -6,221
84,817 -2,730 -6,221
84,842 -2,345 -6,172
84,867 -1,925 -6,099
84,892 -1,610 -5,832
84,917 -1,155 -5,565
84,942 -0,770 -5,200
84,967 -0,315 -4,787
84,992 0,035 -4,325
85,017 0,490 -3,815
85,042 0,665 -3,183
85,067 1,050 -2,527
85,092 1,295 -1,823
85,117 1,575 -1,118
85,142 1,785 -0,340
85,167 2,030 0,413
85,192 2,170 1,191
85,217 2,275 1,968
85,242 2,345 2,867
85,267 2,380 3,572
85,292 2,380 4,325
85,317 2,345 5,079
85,342 2,380 5,759
85,367 2,275 6,318
85,392 2,205 6,853
85,417 2,100 7,387
85,442 1,890 7,752
85,467 1,750 8,189
85,492 1,505 8,529
85,517 1,330 8,699
85,542 1,190 8,870
85,567 0,980 8,870
85,592 0,700 8,797
85,617 0,490 8,699
85,642 0,210 8,456
85,667 0,035 8,068
85,692 -0,175 7,776
85,717 -0,315 7,314
85,742 -0,490 6,804
85,767 -0,735 6,196
85,792 -0,840 5,565
85,817 -1,015 4,860
85,842 -1,330 4,107
85,867 -1,435 3,280
85,892 -1,575 2,406
85,917 -1,750 1,604
85,942 -1,855 0,753
85,967 -1,890 -0,097
85,992 -2,030 -0,972
86,017 -2,205 -1,774
86,042 -2,240 -2,527
86,067 -2,205 -3,329
86,092 -2,345 -3,985
86,117 -2,415 -4,641
86,142 -2,485 -5,224
86,167 -2,555 -5,783
86,192 -2,555 -6,196
86,217 -2,625 -6,610
86,242 -2,660 -6,950
86,267 -2,660 -7,144
86,292 -2,590 -7,266
86,317 -2,695 -7,339
86,342 -2,590 -7,193
86,367 -2,625 -7,120
86,392 -2,660 -6,804
86,417 -2,660 -6,561
86,442 -2,555 -6,148
86,467 -2,555 -5,662
86,492 -2,485 -5,127
86,517 -2,345 -4,593
86,542 -2,380 -3,937
86,567 -2,275 -3,208
86,592 -2,240 -2,406
86,617 -2,135 -1,701
86,642 -2,030 -0,802
86,667 -1,995 0,024
86,692 -1,890 0,899
86,717 -1,715 1,750
86,742 -1,575 2,600
86,767 -1,400 3,378
86,792 -1,295 4,204
86,817 -1,015 4,909
86,842 -0,910 5,589
86,867 -0,630 6,245
86,892 -0,490 6,877
86,917 -0,315 7,363
86,942 -0,140 7,825
86,967 0,175 8,165
86,992 0,245 8,456
87,017 0,595 8,699
87,042 0,805 8,845
87,067 0,980 8,870
87,092 1,190 8,797
87,117 1,470 8,651
87,142 1,505 8,408
87,167 1,785 8,140
87,192 1,855 7,752
87,217 2,030 7,290
87,242 2,170 6,755
87,267 2,275 6,124
87,292 2,345 5,589
87,317 2,415 4,909
87,342 2,415 4,204
87,367 2,415 3,451
87,392 2,310 2,697
87,417 2,135 1,895
87,442 2,065 1,118
87,467 1,960 0,340
87,492 1,645 -0,364
87,517 1,505 -1,215
87,542 1,260 -1,895
87,567 0,945 -2,600
87,592 0,700 -3,256
87,617 0,385 -3,839
87,642 0,035 -4,301
87,667 -0,350 -4,860
87,692 -0,770 -5,273
87,717 -1,120 -5,516
87,742 -1,505 -5,808
87,767 -1,925 -6,002
87,792 -2,450 -6,172
87,817 -2,800 -6,172
87,842 -3,150 -6,148
87,867 -3,535 -6,026
87,892 -3,920 -5,881
87,917 -4,270 -5,662
87,942 -4,445 -5,273
87,967 -4,760 -4,909
87,992 -5,005 -4,471
88,017 -5,215 -3,961
88,042 -5,390 -3,402
88,067 -5,460 -2,843
88,092 -5,565 -2,163
88,117 -5,565 -1,579
88,142 -5,460 -0,850
88,167 -5,460 -0,243
88,192 -5,355 0,437
88,217 -5,250 1,142
88,242 -5,040 1,871
88,267 -4,795 2,503
88,292 -4,480 3,110
88,317 -4,060 3,669
88,342 -3,675 4,252
88,367 -3,150 4,714
88,392 -2,660 5,200
88,417 -2,100 5,540
88,442 -1,680 5,929
88,467 -1,155 6,196
88,492 -0,595 6,415
88,517 -0,035 6,561
88,542 0,560 6,682
88,567 1,225 6,755
88,592 1,715 6,707
88,617 2,275 6,610
88,642 2,870 6,488
88,667 3,465 6,294
88,692 3,780 6,075
88,717 4,270 5,735
88,742 4,620 5,395
88,767 4,970 5,006
88,792 5,180 4,617
88,817 5,355 4,131
88,842 5,390 3,742
88,867 5,460 3,159
88,892 5,460 2,746
88,917 5,390 2,187
88,942 5,180 1,701
88,967 4,970 1,191
88,992 4,725 0,729
89,017 4,410 0,170
89,042 4,025 -0,243
89,067 3,465 -0,753
89,092 3,045 -1,166
89,117 2,415 -1,604
89,142 1,715 -1,968
89,167 1,120 -2,284
89,192 0,525 -2,430
89,217 -0,245 -2,794
89,242 -0,980 -2,989
89,267 -1,575 -3,159
89,292 -2,240 -3,208
89,317 -2,975 -3,305
89,342 -3,605 -3,329
89,367 -4,270 -3,353
89,392 -4,865 -3,208
89,417 -5,425 -3,110
89,442 -5,880 -2,989
89,467 -6,335 -2,843
89,492 -6,720 -2,551
89,517 -7,140 -2,430
89,542 -7,455 -2,138
89,567 -7,560 -1,798
89,592 -7,735 -1,507
89,617 -7,875 -1,191
89,642 -7,840 -0,923
89,667 -7,735 -0,583
89,692 -7,490 -0,292
89,717 -7,245 0,024
89,742 -6,965 0,437
89,767 -6,650 0,705
89,792 -6,160 1,021
89,817 -5,565 1,312
89,842 -5,110 1,604
89,867 -4,585 1,847
89,892 -3,955 2,114
89,917 -3,150 2,308
89,942 -2,555 2,527
89,967 -1,925 2,722
89,992 -1,015 2,916
90,017 -0,140 3,062
90,042 0,595 3,232
90,068 1,330 3,305
90,093 2,170 3,329
90,118 2,975 3,329
90,143 3,570 3,426
90,168 4,270 3,426
90,193 4,865 3,475
90,218 5,390 3,426
90,243 5,845 3,353
90,268 6,300 3,329
90,293 6,615 3,256
90,318 6,860 3,159
90,343 7,000 3,062
90,368 7,035 3,013
90,393 7,070 2,916
90,418 6,895 2,770
90,443 6,685 2,600
90,468 6,370 2,551
90,493 6,055 2,454
90,518 5,705 2,260
90,543 5,250 2,090
90,568 4,585 1,944
90,593 3,920 1,823
90,618 3,360 1,701
90,643 2,450 1,555
90,668 1,820 1,385
90,693 0,980 1,264
90,718 0,245 1,118
90,743 -0,630 0,972
90,768 -1,330 0,850
90,793 -2,240 0,680
90,818 -2,975 0,535
90,843 -3,710 0,437
90,868 -4,410 0,292
90,893 -5,075 0,121
90,918 -5,635 -0,024
90,943 -6,300 -0,170
90,968 -6,720 -0,316
90,993 -7,315 -0,437
91,018 -7,595 -0,559
91,043 -7,945 -0,656
91,068 -8,050 -0,802
91,093 -8,225 -0,948
91,118 -8,260 -1,093
91,143 -8,225 -1,118
91,168 -8,050 -1,215
91,193 -7,980 -1,288
91,218 -7,630 -1,361
91,243 -7,350 -1,507
91,268 -6,895 -1,579
91,293 -6,475 -1,628
91,318 -5,950 -1,725
91,343 -5,460 -1,604
91,368 -4,865 -1,652
91,393 -4,235 -1,579
91,418 -3,500 -1,482
91,443 -2,765 -1,409
91,468 -1,925 -1,312
91,493 -1,190 -1,166
91,518 -0,420 -1,021
91,543 0,385 -0,875
91,568 1,190 -0,680
91,593 1,820 -0,437
91,618 2,555 -0,243
91,643 3,220 0,121
91,668 3,850 0,340
91,693 4,410 0,632
91,718 4,900 0,923
91,743 5,390 1,215
91,768 5,740 1,555
91,793 5,915 1,871
91,818 6,125 2,211
91,843 6,335 2,600
91,868 6,440 2,819
91,893 6,405 3,183
91,918 6,300 3,475
91,943 6,125 3,791
91,968 5,950 4,082
91,993 5,530 4,301
92,018 5,250 4,495
92,043 4,725 4,739
92,068 4,235 4,836
92,093 3,710 5,030
92,118 3,115 5,079
92,143 2,450 5,176
92,168 1,715 5,103
92,193 1,050 5,127
92,218 0,385 5,030
92,243 -0,350 4,933
92,268 -1,120 4,739
92,293 -1,750 4,568
92,318 -2,345 4,277
92,343 -3,080 4,010
92,368 -3,675 3,669
92,393 -4,200 3,329
92,418 -4,620 2,867
92,443 -5,145 2,454
92,468 -5,530 2,017
92,493 -5,880 1,507
92,518 -6,265 1,021
92,543 -6,440 0,510
92,568 -6,615 -0,097
92,593 -6,755 -0,583
92,618 -6,895 -1,069
92,643 -6,860 -1,555
92,668 -6,790 -2,065
92,693 -6,615 -2,479
92,718 -6,405 -3,037
92,743 -6,160 -3,402
92,768 -5,810 -3,766
92,793 -5,495 -4,082
92,818 -5,145 -4,325
92,843 -4,655 -4,495
92,868 -4,200 -4,739
92,893 -3,710 -4,811
92,918 -3,080 -4,933
92,943 -2,660 -4,884
92,968 -1,995 -4,811
92,993 -1,610 -4,641
93,018 -1,015 -4,544
93,043 -0,490 -4,252
93,068 0,105 -3,864
93,093 0,665 -3,499
93,118 1,155 -3,110
93,143 1,645 -2,600
93,168 2,100 -2,114
93,193 2,415 -1,555
93,218 2,800 -0,972
93,243 3,010 -0,316
93,268 3,325 0,243
93,293 3,605 0,923
93,318 3,710 1,628
93,343 3,850 2,381
93,368 3,920 2,940
93,393 3,920 3,621
93,418 3,955 4,155
93,443 3,745 4,763
93,468 3,745 5,273
93,493 3,570 5,881
93,518 3,185 6,367
93,543 2,975 6,755
93,568 2,765 7,047
93,593 2,415 7,484
93,618 2,135 7,606
93,643 1,680 7,849
93,668 1,400 7,897
93,693 0,805 7,897
93,718 0,490 7,825
93,743 0,070 7,679
93,768 -0,350 7,460
93,793 -0,700 7,217
93,818 -1,015 6,853
93,843 -1,400 6,391
93,868 -1,785 5,905
93,893 -2,100 5,346
93,918 -2,485 4,811
93,943 -2,730 4,180
93,968 -2,940 3,426
93,993 -3,080 2,722
94,018 -3,255 1,968
94,043 -3,535 1,215
94,068 -3,710 0,364
94,093 -3,815 -0,389
94,118 -3,815 -1,142
94,143 -3,815 -1,944
94,168 -3,955 -2,649
94,193 -3,780 -3,305
94,218 -3,780 -3,961
94,243 -3,780 -4,544
94,268 -3,710 -5,103
94,293 -3,605 -5,540
94,318 -3,290 -6,002
94,343 -3,290 -6,269
94,368 -3,150 -6,537
94,393 -2,975 -6,707
94,418 -2,800 -6,828
94,443 -2,625 -6,828
94,468 -2,415 -6,804
94,493 -2,205 -6,585
94,518 -1,925 -6,391
94,543 -1,820 -6,051
94,568 -1,540 -5,710
94,593 -1,365 -5,152
94,618 -1,120 -4,714
94,643 -0,980 -4,131
94,668 -0,805 -3,475
94,693 -0,595 -2,722
94,718 -0,455 -2,041
94,743 -0,245 -1,166
94,768 -0,035 -0,340
94,793 0,105 0,437
94,818 0,280 1,215
94,843 0,315 2,114
94,868 0,385 2,843
94,893 0,525 3,669
94,918 0,490 4,447
94,943 0,560 5,176
94,968 0,630 5,808
94,993 0,665 6,488
95,018 0,805 7,023
95,043 0,805 7,606
95,071 0,840 8,092
95,096 0,840 8,408
95,121 0,945 8,675
95,146 0,980 8,797
95,171 0,980 8,918
95,196 0,875 8,870
95,221 0,840 8,772
95,246 0,840 8,627
95,271 0,910 8,408
95,296 1,050 8,140
95,321 0,910 7,654
95,346 0,875 7,144
95,371 0,805 6,634
95,396 0,805 6,002
95,421 0,665 5,346
95,446 0,595 4,641
95,471 0,525 3,888
95,496 0,420 3,037
95,521 0,420 2,284
95,546 0,350 1,458
95,571 0,140 0,656
95,596 -0,000 -0,170
95,621 -0,175 -0,972
95,646 -0,315 -1,750
95,671 -0,420 -2,527
95,696 -0,665 -3,280
95,721 -0,805 -3,912
95,746 -1,050 -4,495
95,771 -1,365 -5,054
95,796 -1,400 -5,492
95,821 -1,610 -5,905
95,846 -1,750 -6,294
95,871 -2,065 -6,512
95,896 -2,310 -6,658
95,921 -2,520 -6,755
95,946 -2,835 -6,780
95,971 -2,940 -6,682
95,996 -3,045 -6,488
96,021 -3,255 -6,318
96,046 -3,535 -6,002
96,071 -3,535 -5,613
96,096 -3,605 -5,176
96,121 -3,780 -4,617
96,146 -3,850 -4,082
96,171 -3,780 -3,426
96,196 -3,920 -2,697
96,221 -3,990 -2,017
96,246 -3,885 -1,288
96,271 -3,920 -0,583
96,296 -3,745 0,267
96,321 -3,675 0,996
96,346 -3,395 1,750
96,371 -3,255 2,527
96,396 -2,940 3,232
96,421 -2,730 3,912
96,446 -2,555 4,568
96,471 -2,240 5,176
96,496 -1,925 5,710
96,521 -1,540 6,245
96,546 -1,120 6,634
96,571 -0,735 7,023
96,596 -0,455 7,266
96,621 0,070 7,557
96,646 0,525 7,703
96,671 0,805 7,752
96,696 1,155 7,849
96,721 1,610 7,727
96,746 2,065 7,557
96,771 2,380 7,387
96,796 2,625 7,144
96,821 3,010 6,828
96,846 3,220 6,342
96,871 3,535 5,881
96,896 3,745 5,346
96,921 3,885 4,884
96,946 3,990 4,325
96,971 4,060 3,718
96,996 4,025 3,013
97,021 4,025 2,430
97,046 3,815 1,774
97,071 3,710 1,093
97,096 3,465 0,462
97,121 3,220 -0,170
97,146 2,940 -0,778
97,171 2,520 -1,385
97,196 2,065 -1,895
97,221 1,680 -2,454
97,246 1,190 -2,892
97,271 0,735 -3,305
97,296 0,175 -3,645
97,321 -0,315 -4,082
97,346 -0,770 -4,350
97,371 -1,330 -4,568
97,396 -1,890 -4,641
97,421 -2,345 -4,714
97,446 -3,010 -4,763
97,471 -3,430 -4,811
97,496 -4,060 -4,593
97,521 -4,550 -4,471
97,546 -4,935 -4,252
97,571 -5,250 -4,010
97,596 -5,740 -3,742
97,621 -6,055 -3,451
97,646 -6,300 -2,989
97,671 -6,405 -2,624
97,696 -6,580 -2,163
97,721 -6,720 -1,725
97,746 -6,755 -1,239
97,771 -6,720 -0,656
97,796 -6,720 -0,146
97,821 -6,510 0,340
97,846 -6,300 0,802
97,871 -5,950 1,312
97,896 -5,565 1,774
97,921 -5,145 2,211
97,946 -4,760 2,697
97,971 -4,200 3,110
97,996 -3,710 3,499
98,021 -3,220 3,766
98,046 -2,555 4,082
98,071 -1,890 4,301
98,096 -1,260 4,495
98,121 -0,525 4,690
98,146 0,105 4,811
98,171 0,875 4,909
98,196 1,575 4,957
98,221 2,170 5,030
98,246 2,835 4,933
98,271 3,500 4,836
98,296 4,060 4,763
98,321 4,585 4,617
98,346 5,005 4,447
98,371 5,390 4,228
98,396 5,670 4,058
98,421 6,020 3,791
98,446 6,300 3,499
98,471 6,335 3,256
98,496 6,265 2,989
98,521 6,370 2,649
98,546 6,160 2,381
98,571 6,020 2,017
98,596 5,670 1,725
98,621 5,355 1,409
98,646 4,865 1,069
98,671 4,480 0,826
98,696 3,990 0,510
98,721 3,325 0,194
98,746 2,765 -0,049
98,771 2,065 -0,316
98,796 1,260 -0,486
98,821 0,560 -0,705
98,846 -0,245 -0,875
98,871 -1,015 -1,069
98,896 -1,785 -1,191
98,921 -2,485 -1,288
98,946 -3,185 -1,434
98,971 -3,920 -1,409
98,996 -4,655 -1,482
99,021 -5,215 -1,458
99,046 -5,810 -1,507
99,071 -6,230 -1,482
99,096 -6,825 -1,434
99,121 -7,210 -1,458
99,146 -7,595 -1,361
99,171 -7,805 -1,264
99,196 -7,945 -1,215
99,221 -8,085 -1,166
99,246 -8,050 -1,045
99,271 -8,015 -0,996
99,296 -7,840 -0,802
99,321 -7,665 -0,680
99,346 -7,455 -0,559
99,371 -7,140 -0,486
99,396 -6,755 -0,316
99,421 -6,230 -0,219
99,446 -5,740 -0,049
99,471 -5,110 0,121
99,496 -4,515 0,170
99,521 -3,850 0,316
99,546 -3,080 0,437
99,571 -2,345 0,535
99,596 -1,645 0,705
99,621 -0,875 0,875
99,646 -0,105 0,972
99,671 0,770 1,093
99,696 1,540 1,239
99,721 2,275 1,409
99,746 2,870 1,579
99,771 3,710 1,677
99,796 4,270 1,895
99,821 4,900 1,944
99,846 5,320 2,163
99,871 5,775 2,284
99,896 6,125 2,406
99,921 6,510 2,551
99,946 6,545 2,697
99,971 6,790 2,843
99,996 6,755 2,867
100,021 6,825 3,013
100,046 6,615 3,110
100,071 6,335 3,183
100,096 6,195 3,280
100,121 5,810 3,305
100,146 5,285 3,378
100,171 4,900 3,378
100,196 4,235 3,499
100,221 3,605 3,378
100,246 2,940 3,378
100,271 2,345 3,329
100,296 1,575 3,280
100,321 0,840 3,208
100,346 0,105 3,135
100,371 -0,665 2,940
100,396 -1,470 2,843
100,421 -2,100 2,624
100,446 -2,765 2,406
100,471 -3,500 2,163
100,496 -4,200 1,993
100,521 -4,795 1,677
100,546 -5,355 1,409
100,571 -5,810 1,093
100,596 -6,335 0,875
100,621 -6,650 0,486
100,646 -7,000 0,219
100,671 -7,280 -0,146
100,696 -7,455 -0,437
100,721 -7,560 -0,778
100,746 -7,630 -1,045
100,771 -7,595 -1,385
100,796 -7,420 -1,750
100,821 -7,280 -2,041
100,846 -7,000 -2,260
100,871 -6,685 -2,503
100,896 -6,265 -2,649
100,921 -5,845 -2,892
100,946 -5,355 -3,013
100,971 -4,865 -3,135
100,996 -4,445 -3,183
101,021 -3,780 -3,256
101,046 -3,150 -3,208
101,071 -2,450 -3,208
101,096 -1,820 -3,135
101,121 -1,120 -2,965
101,146 -0,525 -2,794
101,171 0,140 -2,551
101,196 0,665 -2,236
101,221 1,295 -2,017
101,246 1,960 -1,604
101,271 2,590 -1,288
101,296 3,010 -0,850
101,321 3,605 -0,389
101,346 4,025 0,073
101,371 4,305 0,559
101,396 4,690 1,069
101,421 4,900 1,579
101,446 5,145 2,017
101,471 5,215 2,551
101,496 5,250 3,110
101,521 5,250 3,499
101,546 5,110 4,034
101,571 4,900 4,398
101,596 4,690 4,836
101,621 4,410 5,200
101,646 4,130 5,540
101,671 3,780 5,856
101,696 3,220 6,075
101,721 2,800 6,318
101,746 2,240 6,439
101,771 1,820 6,512
101,796 1,260 6,561
101,821 0,840 6,537
101,846 0,280 6,488
101,871 -0,315 6,342
101,896 -0,910 6,172
101,921 -1,400 5,856
101,946 -1,960 5,565
101,971 -2,450 5,200
101,996 -2,975 4,763
102,021 -3,325 4,228
102,046 -3,675 3,766
102,071 -4,025 3,232
102,096 -4,480 2,673
102,121 -4,655 1,993
102,146 -4,865 1,385
102,171 -5,075 0,729
102,196 -5,250 0,146
102,221 -5,320 -0,607
102,246 -5,320 -1,264
102,271 -5,320 -1,944
102,296 -5,320 -2,479
102,321 -5,180 -3,110
102,346 -5,110 -3,621
102,371 -4,865 -4,155
102,396 -4,690 -4,520
102,421 -4,410 -4,909
102,446 -4,165 -5,249
102,471 -3,920 -5,516
102,496 -3,640 -5,735
102,521 -3,220 -5,881
102,546 -2,940 -5,881
102,571 -2,485 -5,905
102,596 -2,100 -5,832
102,621 -1,715 -5,662
102,646 -1,435 -5,370
102,671 -0,945 -5,127
102,696 -0,560 -4,690
102,721 -0,280 -4,374
102,746 -0,035 -3,815
102,771 0,385 -3,280
102,796 0,630 -2,697
102,821 0,945 -2,041
102,846 1,225 -1,337
102,871 1,470 -0,705
102,896 1,715 0,049
102,921 1,890 0,923
102,946 1,960 1,677
102,971 2,065 2,357
102,996 2,135 3,110
103,021 2,205 3,864
103,046 2,170 4,544
103,071 2,170 5,152
103,096 2,065 5,832
103,121 1,995 6,318
103,146 1,820 6,925
103,171 1,785 7,339
103,196 1,610 7,679
103,222 1,575 8,043
103,247 1,260 8,238
103,272 1,155 8,383
103,297 0,875 8,505
103,322 0,875 8,505
103,347 0,595 8,408
103,372 0,315 8,213
103,397 0,140 7,946
103,422 -0,105 7,630
103,447 -0,350 7,217
103,472 -0,420 6,707
103,497 -0,560 6,221
103,522 -0,805 5,589
103,547 -0,980 4,981
103,572 -1,085 4,277
103,597 -1,330 3,548
103,622 -1,365 2,746
103,647 -1,470 1,920
103,672 -1,610 1,093
103,697 -1,715 0,267
103,722 -1,890 -0,535
103,747 -2,030 -1,288
103,772 -2,100 -2,090
103,797 -2,275 -2,770
103,822 -2,310 -3,523
103,847 -2,415 -4,131
103,872 -2,310 -4,739
103,897 -2,345 -5,249
103,922 -2,485 -5,710
103,947 -2,555 -6,099
103,972 -2,555 -6,391
103,997 -2,660 -6,610
104,022 -2,520 -6,804
104,047 -2,590 -6,828
104,072 -2,555 -6,853
104,097 -2,555 -6,780
104,122 -2,520 -6,634
104,147 -2,555 -6,269
104,172 -2,450 -5,978
104,197 -2,555 -5,565
104,222 -2,450 -5,079
104,247 -2,415 -4,471
104,272 -2,240 -3,888
104,297 -2,380 -3,280
104,322 -2,310 -2,551
104,347 -2,240 -1,823
104,372 -2,135 -1,021
104,397 -2,030 -0,292
104,422 -1,925 0,535
104,447 -1,855 1,385
104,472 -1,540 2,163
104,497 -1,540 2,940
104,522 -1,330 3,645
104,547 -1,120 4,447
104,572 -0,980 5,079
104,597 -0,735 5,808
104,622 -0,630 6,318
104,647 -0,490 6,780
104,672 -0,245 7,266
104,697 -0,035 7,727
104,722 0,105 7,995
104,747 0,315 8,213
104,772 0,595 8,335
104,797 0,805 8,408
104,822 1,120 8,383
104,847 1,295 8,262
104,872 1,400 8,092
104,897 1,610 7,849
104,922 1,785 7,582
104,947 1,890 7,144
104,972 1,995 6,682
104,997 2,135 6,148
105,022 2,240 5,589
105,047 2,275 5,006
105,075 2,345 4,204
105,100 2,345 3,499
105,125 2,205 2,843
105,150 2,135 2,114
105,175 1,960 1,337
105,200 1,785 0,607
105,225 1,715 -0,170
105,250 1,505 -0,778
105,275 1,295 -1,555
105,300 0,980 -2,138
105,325 0,665 -2,770
105,350 0,385 -3,378
105,375 -0,000 -3,864
105,400 -0,175 -4,325
105,425 -0,595 -4,763
105,450 -0,910 -5,152
105,475 -1,435 -5,419
105,500 -1,820 -5,589
105,525 -2,170 -5,735
105,550 -2,520 -5,832
105,575 -2,905 -5,808
105,600 -3,290 -5,735
105,625 -3,710 -5,540
105,650 -3,990 -5,273
105,675 -4,270 -5,030
105,700 -4,585 -4,714
105,725 -4,830 -4,325
105,750 -4,830 -3,864
105,775 -5,075 -3,402
105,800 -5,215 -2,867
105,825 -5,285 -2,236
105,850 -5,320 -1,579
105,875 -5,425 -0,996
105,900 -5,285 -0,389
105,925 -5,110 0,219
105,950 -5,040 0,899
105,975 -4,935 1,507
106,000 -4,515 2,090
106,025 -4,235 2,746
106,050 -3,990 3,305
106,075 -3,675 3,912
106,100 -3,185 4,374
106,125 -2,695 4,836
106,150 -2,205 5,200
106,175 -1,750 5,492
106,200 -1,225 5,783
106,225 -0,665 6,002
106,250 -0,175 6,245
106,275 0,455 6,342
106,300 0,945 6,439
106,325 1,470 6,439
106,350 2,065 6,367
106,375 2,520 6,245
106,400 3,010 6,075
106,425 3,430 5,856
106,450 3,815 5,613
106,475 4,165 5,297
106,500 4,515 5,030
106,525 4,760 4,568
106,550 4,900 4,180
106,575 5,110 3,791
106,600 5,110 3,305
106,625 5,215 2,819
106,650 5,110 2,333
106,675 4,970 1,847
106,700 4,795 1,337
106,725 4,550 0,875
106,750 4,200 0,462
106,775 3,815 0,000
106,800 3,360 -0,486
106,825 2,905 -0,875
106,850 2,345 -1,239
106,876 1,715 -1,652
106,901 1,190 -1,895
106,926 0,560 -2,211
106,951 -0,210 -2,479
106,976 -0,805 -2,673
107,001 -1,435 -2,892
107,026 -2,065 -2,989
107,051 -2,730 -3,086
107,076 -3,395 -3,086
107,101 -3,990 -3,086
107,126 -4,445 -2,989
107,151 -5,040 -2,892
107,176 -5,530 -2,819
107,201 -6,055 -2,649
107,226 -6,475 -2,503
107,251 -6,790 -2,284
107,276 -7,105 -2,114
107,301 -7,245 -1,847
107,326 -7,385 -1,507
107,351 -7,525 -1,239
107,376 -7,420 -0,899
107,401 -7,490 -0,632
107,426 -7,315 -0,340
107,451 -7,070 -0,049
107,476 -6,895 0,243
107,501 -6,440 0,559
107,526 -6,020 0,850
107,551 -5,600 1,142
107,576 -5,040 1,434
107,601 -4,515 1,628
107,626 -4,025 1,895
107,651 -3,290 2,138
107,676 -2,555 2,357
107,701 -1,960 2,600
107,726 -1,260 2,697
107,751 -0,455 2,819
107,776 0,350 2,940
107,801 1,085 3,086
107,826 1,785 3,183
107,851 2,485 3,208
107,876 3,290 3,256
107,901 3,885 3,305
107,926 4,445 3,353
107,951 4,935 3,280
107,976 5,320 3,280
108,001 5,705 3,159
108,026 6,090 3,159
108,051 6,370 3,086
108,076 6,510 2,989
108,101 6,650 2,940
108,126 6,545 2,867
108,151 6,475 2,746
108,176 6,335 2,576
108,201 6,020 2,576
108,226 5,810 2,333
108,251 5,495 2,284
108,276 5,075 2,138
108,301 4,445 2,041
108,326 3,850 1,920
108,351 3,220 1,750
108,376 2,625 1,579
108,401 1,925 1,531
108,426 1,120 1,337
108,451 0,350 1,093
108,476 -0,420 1,021
108,501 -1,085 0,923
108,526 -1,820 0,778
108,551 -2,590 0,656
108,576 -3,325 0,486
108,601 -4,060 0,364
108,626 -4,655 0,146
108,651 -5,285 0,024
108,676 -5,740 -0,097
108,701 -6,300 -0,121
108,726 -6,720 -0,219
108,751 -7,245 -0,364
108,776 -7,420 -0,535
108,801 -7,630 -0,680
108,826 -7,770 -0,850
108,851 -7,840 -0,948
108,876 -7,875 -1,118
108,901 -7,770 -1,215
108,926 -7,700 -1,264
108,951 -7,455 -1,312
108,976 -7,140 -1,385
109,001 -6,790 -1,409
109,026 -6,405 -1,507
109,051 -6,020 -1,579
109,076 -5,390 -1,604
109,101 -4,830 -1,628
109,126 -4,270 -1,579
109,151 -3,570 -1,434
109,176 -2,905 -1,361
109,201 -2,170 -1,312
109,226 -1,470 -1,191
109,251 -0,770 -1,021
109,276 0,070 -0,778
109,301 0,840 -0,632
109,326 1,435 -0,462
109,351 2,030 -0,219
109,376 2,730 -0,024
109,401 3,325 0,243
109,426 3,955 0,583
109,451 4,445 0,875
109,476 4,935 1,142
109,501 5,215 1,458
109,526 5,530 1,798
109,551 5,740 2,114
109,576 6,020 2,406
109,601 6,160 2,746
109,626 6,195 3,062
109,651 5,985 3,378
109,676 5,810 3,621
109,701 5,635 3,912
109,726 5,390 4,082
109,751 5,040 4,301
109,776 4,620 4,447
109,801 4,095 4,714
109,826 3,640 4,787
109,851 3,045 4,884
109,876 2,345 4,884
109,901 1,785 5,030
109,926 1,190 5,006
109,951 0,560 4,884
109,976 -0,210 4,739
110,001 -0,840 4,617
110,026 -1,400 4,447
110,051 -2,030 4,252
110,076 -2,730 3,937
110,101 -3,220 3,645
110,126 -3,815 3,305
110,151 -4,270 2,965
110,176 -4,725 2,527
110,201 -5,145 2,065
110,226 -5,530 1,652
110,251 -5,880 1,093
110,276 -6,090 0,607
110,301 -6,300 0,194
110,326 -6,510 -0,316
110,351 -6,475 -0,850
110,376 -6,440 -1,361
110,401 -6,440 -1,774
110,426 -6,265 -2,211
110,451 -6,160 -2,673
110,476 -5,985 -3,062
110,501 -5,670 -3,426
110,526 -5,390 -3,766
110,551 -5,075 -4,058
110,576 -4,620 -4,228
110,601 -4,270 -4,447
110,626 -3,815 -4,520
110,651 -3,255 -4,593
110,676 -2,660 -4,617
110,701 -2,275 -4,495
110,726 -1,715 -4,447
110,751 -1,155 -4,252
110,776 -0,595 -4,034
110,801 -0,210 -3,742
110,826 0,385 -3,426
110,851 0,805 -3,013
110,876 1,295 -2,600
110,901 1,715 -2,114
110,926 2,135 -1,652
110,951 2,485 -0,996
110,976 2,730 -0,462
111,001 3,080 0,146
111,026 3,150 0,802
111,051 3,395 1,409
111,076 3,535 2,065
111,101 3,640 2,722
111,126 3,640 3,280
111,151 3,710 3,912
111,176 3,675 4,471
111,201 3,465 5,006
111,226 3,290 5,443
111,251 3,080 5,954
111,276 2,940 6,367
111,301 2,660 6,731
111,326 2,310 7,071
111,351 1,960 7,266
111,376 1,610 7,509
111,401 1,330 7,582
111,426 0,980 7,606
111,451 0,595 7,582
111,476 0,140 7,411
111,501 -0,315 7,217
111,526 -0,595 6,974
111,551 -0,980 6,707
111,576 -1,260 6,245
111,601 -1,610 5,808
111,626 -1,855 5,322
111,651 -2,170 4,836
111,676 -2,485 4,131
111,701 -2,730 3,475
111,726 -2,940 2,770
111,751 -3,255 2,138
111,776 -3,290 1,409
111,801 -3,430 0,680
111,826 -3,535 -0,097
111,851 -3,605 -0,826
111,876 -3,675 -1,507
111,901 -3,780 -2,236
111,926 -3,710 -2,843
111,951 -3,780 -3,523
111,976 -3,675 -4,082
112,001 -3,605 -4,593
112,026 -3,395 -5,103
112,051 -3,500 -5,516
112,076 -3,255 -5,856
112,101 -3,150 -6,075
112,126 -2,975 -6,342
112,151 -2,800 -6,367
112,176 -2,765 -6,415
112,201 -2,415 -6,415
112,226 -2,275 -6,245
112,251 -2,135 -6,124
112,276 -1,820 -5,832
112,301 -1,715 -5,395
112,326 -1,470 -4,957
112,351 -1,295 -4,495
112,376 -1,085 -4,010
112,401 -0,875 -3,426
112,426 -0,665 -2,794
112,451 -0,630 -2,065
112,476 -0,350 -1,337
112,501 -0,245 -0,607
112,526 -0,105 0,170
112,551 0,070 0,923
112,576 0,140 1,701
112,601 0,245 2,576
112,626 0,245 3,329
112,651 0,350 4,058
112,676 0,455 4,787
112,701 0,420 5,419
112,726 0,630 6,002
112,751 0,700 6,561
112,776 0,735 7,047
112,801 0,840 7,533
112,826 0,840 7,897
112,851 0,805 8,189
112,876 0,840 8,408
112,901 0,840 8,481
112,926 0,805 8,529
112,951 0,735 8,505
112,976 0,840 8,359
113,001 0,770 8,140
113,026 0,875 7,825
113,051 0,805 7,557
113,076 0,805 7,047
113,101 0,735 6,561
113,126 0,630 5,954
113,151 0,700 5,419
113,176 0,560 4,739
113,201 0,490 4,131
113,226 0,525 3,426
113,251 0,420 2,624
113,276 0,385 1,847
113,301 0,105 1,045
113,326 -0,000 0,194
113,351 -0,210 -0,535
113,376 -0,315 -1,312
113,401 -0,525 -1,944
113,426 -0,665 -2,673
113,451 -0,910 -3,329
113,476 -0,980 -3,961
113,501 -1,155 -4,423
113,526 -1,365 -4,933
113,551 -1,575 -5,322
113,576 -1,820 -5,759
113,601 -1,995 -5,978
113,626 -2,100 -6,245
113,651 -2,415 -6,367
113,676 -2,555 -6,415
113,701 -2,695 -6,294
113,726 -2,940 -6,196
113,751 -3,185 -6,026
113,776 -3,290 -5,759
113,801 -3,430 -5,395
113,826 -3,570 -5,079
113,853 -3,640 -4,617
