0,025 1,995 6,658
0,050 1,820 8,213
0,075 1,085 8,165
0,100 -0,035 7,703
0,125 -0,980 7,193
0,150 -1,995 6,561
0,175 -2,905 5,783
0,200 -3,815 4,981
0,225 -4,725 4,155
0,250 -5,705 3,280
0,275 -6,300 2,308
0,300 -7,035 1,385
0,325 -7,700 0,486
0,350 -8,330 -0,462
0,375 -8,750 -1,482
0,400 -9,275 -2,333
0,425 -9,555 -3,280
0,450 -9,905 -4,131
0,475 -10,010 -5,006
0,500 -10,080 -5,735
0,525 -10,045 -6,488
0,550 -10,045 -7,144
0,576 -9,835 -7,800
0,601 -9,520 -8,335
0,627 -9,065 -8,821
0,652 -8,575 -9,210
0,677 -8,015 -9,428
0,706 -7,315 -9,623
0,731 -6,545 -9,744
0,756 -5,845 -9,744
0,781 -4,935 -9,647
0,806 -4,130 -9,453
0,831 -3,220 -9,185
0,856 -2,240 -8,797
0,881 -1,120 -8,432
0,906 -0,105 -7,849
0,931 0,770 -7,217
0,956 1,925 -6,658
0,981 2,975 -5,905
1,006 4,025 -5,079
1,031 4,935 -4,252
1,059 5,985 -3,378
1,084 6,790 -2,406
1,110 7,560 -1,409
1,135 8,330 -0,437
1,160 9,030 0,413
1,185 9,555 1,434
1,210 9,940 2,430
1,235 10,395 3,305
1,260 10,675 4,228
1,285 10,815 4,981
1,310 10,955 5,759
1,335 10,990 6,464
1,360 10,745 7,241
1,385 10,465 7,800
1,410 10,150 8,286
1,435 9,660 8,748
1,460 9,205 9,112
1,485 8,575 9,380
1,510 7,805 9,550
1,535 7,000 9,623
1,561 6,160 9,696
1,586 5,215 9,647
1,611 4,200 9,477
1,636 3,325 9,185
1,661 2,275 8,870
1,686 1,190 8,408
1,711 0,140 8,019
1,736 -0,770 7,363
1,761 -1,785 6,634
1,786 -2,765 5,929
1,811 -3,640 5,200
1,836 -4,585 4,325
1,861 -5,600 3,548
1,886 -6,300 2,551
1,911 -7,035 1,701
1,936 -7,595 0,802
1,961 -8,260 -0,146
1,986 -8,820 -1,093
2,011 -9,240 -2,065
2,036 -9,520 -2,965
2,061 -9,870 -3,888
2,086 -9,940 -4,763
2,111 -9,975 -5,516
2,136 -10,045 -6,269
2,161 -9,975 -6,974
2,186 -9,730 -7,557
2,211 -9,415 -8,165
2,236 -9,100 -8,675
2,261 -8,645 -8,991
2,286 -8,155 -9,331
2,311 -7,490 -9,623
2,336 -6,825 -9,769
2,361 -6,090 -9,744
2,386 -5,180 -9,720
2,411 -4,375 -9,574
2,436 -3,500 -9,355
2,461 -2,485 -9,064
2,486 -1,470 -8,627
2,511 -0,455 -8,165
2,536 0,525 -7,582
2,561 1,435 -6,950
2,586 2,520 -6,318
2,611 3,465 -5,492
2,636 4,585 -4,739
2,661 5,460 -3,815
2,686 6,335 -3,037
2,711 7,105 -2,065
2,736 7,945 -1,166
2,761 8,610 -0,219
2,786 9,240 0,802
2,811 9,765 1,677
2,836 10,220 2,649
2,861 10,500 3,596
2,886 10,815 4,398
2,911 10,850 5,249
2,936 10,885 5,978
2,961 10,815 6,707
2,986 10,640 7,363
3,011 10,255 7,970
3,036 9,940 8,359
3,061 9,380 8,894
3,086 8,855 9,137
3,111 8,225 9,428
3,136 7,420 9,647
3,161 6,650 9,696
3,186 5,775 9,647
3,211 4,865 9,550
3,236 3,955 9,380
3,261 2,835 9,112
3,286 1,820 8,821
3,311 0,770 8,383
3,336 -0,175 7,800
3,361 -1,225 7,241
3,386 -2,205 6,537
3,411 -3,115 5,808
3,436 -4,165 5,006
3,461 -4,970 4,252
3,486 -5,740 3,353
3,511 -6,615 2,406
3,536 -7,210 1,482
3,561 -7,875 0,510
3,586 -8,365 -0,389
3,611 -8,960 -1,385
3,636 -9,345 -2,308
3,661 -9,660 -3,183
3,686 -9,800 -4,058
3,711 -10,010 -4,909
3,736 -10,080 -5,662
3,761 -10,010 -6,391
3,786 -9,905 -7,120
3,811 -9,765 -7,727
3,836 -9,380 -8,238
3,861 -8,925 -8,724
3,886 -8,400 -9,137
3,911 -7,805 -9,331
3,936 -7,245 -9,550
3,962 -6,440 -9,696
3,987 -5,635 -9,769
4,012 -4,935 -9,671
4,037 -3,955 -9,501
4,062 -3,080 -9,210
4,087 -2,065 -8,918
4,112 -1,015 -8,505
4,137 -0,070 -7,922
4,162 0,945 -7,411
4,187 2,030 -6,828
4,212 2,940 -6,075
4,237 3,920 -5,346
4,262 4,935 -4,495
4,287 5,915 -3,645
4,312 6,685 -2,697
4,337 7,525 -1,895
4,362 8,365 -0,899
4,387 8,785 0,049
4,412 9,450 1,069
4,437 10,080 1,944
4,462 10,290 2,940
4,487 10,640 3,718
4,512 10,885 4,544
4,537 10,955 5,346
4,562 10,815 6,172
4,587 10,780 6,853
4,612 10,570 7,460
4,637 10,255 7,922
4,662 9,800 8,456
4,687 9,135 8,942
4,712 8,470 9,283
4,737 7,805 9,574
4,762 6,965 9,671
4,787 6,195 9,744
4,812 5,250 9,671
4,837 4,410 9,501
4,862 3,465 9,331
4,887 2,345 8,991
4,912 1,365 8,651
4,937 0,420 8,092
4,962 -0,665 7,582
4,987 -1,540 6,925
5,012 -2,660 6,342
5,037 -3,535 5,516
5,062 -4,655 4,811
5,087 -5,355 3,888
5,112 -6,125 3,037
5,137 -6,895 2,138
5,162 -7,525 1,239
5,187 -8,015 0,267
5,212 -8,715 -0,656
5,237 -9,065 -1,628
5,262 -9,520 -2,527
5,287 -9,765 -3,402
5,312 -9,835 -4,228
5,337 -10,045 -5,103
5,362 -9,940 -5,954
5,387 -9,940 -6,634
5,412 -9,835 -7,168
5,437 -9,555 -7,800
5,462 -9,240 -8,359
5,487 -8,680 -8,821
5,512 -8,225 -9,161
5,537 -7,595 -9,453
5,562 -6,930 -9,598
5,587 -6,195 -9,647
5,612 -5,425 -9,623
5,637 -4,410 -9,623
5,662 -3,675 -9,404
5,687 -2,695 -9,161
5,712 -1,680 -8,748
5,737 -0,665 -8,383
5,762 0,280 -7,776
5,787 1,330 -7,266
5,812 2,485 -6,561
5,837 3,500 -5,856
5,862 4,375 -5,030
5,887 5,355 -4,277
5,912 6,195 -3,426
5,937 7,035 -2,503
5,962 7,700 -1,531
5,987 8,505 -0,607
6,012 9,170 0,316
6,037 9,555 1,288
6,062 10,080 2,236
6,087 10,535 3,086
6,112 10,745 3,912
6,137 10,850 4,787
6,162 10,920 5,613
6,187 10,850 6,367
6,212 10,640 6,974
6,237 10,360 7,606
6,262 10,010 8,165
6,287 9,590 8,578
6,312 9,030 8,991
6,337 8,400 9,234
6,362 7,665 9,574
6,387 6,860 9,647
6,412 5,880 9,720
6,437 5,005 9,598
6,462 4,095 9,428
6,487 3,150 9,210
6,512 2,065 8,918
6,537 1,015 8,505
6,562 -0,070 7,995
6,587 -1,050 7,436
6,612 -2,030 6,877
6,637 -2,975 6,124
6,662 -3,920 5,395
6,687 -4,655 4,568
6,712 -5,600 3,718
6,737 -6,370 2,794
6,762 -7,175 1,920
6,787 -7,770 0,972
6,812 -8,330 0,049
6,837 -8,855 -0,899
6,862 -9,240 -1,871
6,887 -9,625 -2,746
6,912 -9,835 -3,621
6,937 -10,010 -4,520
6,962 -10,045 -5,273
6,987 -9,975 -6,075
7,012 -9,905 -6,682
7,037 -9,695 -7,363
7,062 -9,345 -7,995
7,087 -8,960 -8,481
7,112 -8,505 -8,894
7,137 -7,945 -9,258
7,162 -7,350 -9,428
7,187 -6,545 -9,647
7,212 -5,950 -9,623
7,237 -5,145 -9,623
7,262 -4,270 -9,526
7,287 -3,220 -9,355
7,312 -2,345 -9,112
7,337 -1,260 -8,699
7,362 -0,315 -8,189
7,387 0,735 -7,703
7,412 1,750 -7,096
7,437 2,730 -6,415
7,462 3,745 -5,759
7,487 4,690 -4,884
7,512 5,635 -4,010
7,537 6,510 -3,232
7,562 7,315 -2,308
7,587 8,155 -1,409
7,612 8,785 -0,437
7,637 9,345 0,559
7,662 9,870 1,482
7,687 10,290 2,333
7,712 10,465 3,305
7,737 10,780 4,107
7,762 10,920 4,981
7,787 10,850 5,710
7,812 10,780 6,464
7,837 10,675 7,120
7,862 10,255 7,654
7,887 9,835 8,213
7,912 9,310 8,724
7,937 8,715 9,040
7,962 8,050 9,355
7,987 7,280 9,550
8,012 6,370 9,647
8,037 5,565 9,598
8,062 4,585 9,526
8,087 3,640 9,355
8,112 2,625 9,137
8,137 1,680 8,724
8,162 0,630 8,311
8,187 -0,420 7,873
8,212 -1,470 7,290
8,237 -2,380 6,610
8,262 -3,325 5,905
8,287 -4,235 5,176
8,312 -5,110 4,374
8,337 -6,020 3,523
8,362 -6,860 2,624
8,387 -7,420 1,677
8,412 -8,015 0,753
8,437 -8,505 -0,219
8,462 -9,065 -1,118
8,487 -9,415 -2,090
8,512 -9,730 -2,940
8,537 -9,975 -3,839
8,562 -10,045 -4,666
8,587 -10,080 -5,443
8,612 -9,975 -6,269
8,637 -9,695 -6,950
8,662 -9,520 -7,509
8,687 -9,205 -8,092
8,712 -8,820 -8,554
8,737 -8,260 -8,918
8,762 -7,700 -9,234
8,787 -7,070 -9,404
8,812 -6,300 -9,574
8,837 -5,530 -9,623
8,862 -4,725 -9,623
8,887 -3,885 -9,453
8,912 -2,870 -9,331
8,937 -1,855 -8,967
8,962 -0,945 -8,554
8,987 0,070 -8,116
9,012 1,190 -7,533
9,037 2,100 -6,877
9,062 3,045 -6,148
9,087 4,165 -5,492
9,112 4,970 -4,666
9,137 6,020 -3,912
9,162 6,755 -2,940
9,187 7,630 -2,114
9,212 8,295 -1,118
9,237 9,030 -0,170
9,262 9,415 0,729
9,287 10,010 1,604
9,312 10,290 2,649
9,337 10,675 3,499
9,362 10,780 4,374
9,387 10,885 5,152
9,412 10,850 5,978
9,437 10,675 6,634
9,462 10,395 7,290
9,487 10,045 7,800
9,512 9,660 8,359
9,537 9,100 8,797
9,562 8,505 9,088
9,587 7,770 9,331
9,612 6,755 9,574
9,637 6,125 9,647
9,662 5,250 9,647
9,687 4,235 9,477
9,712 3,220 9,331
9,737 2,310 9,015
9,762 1,295 8,699
9,787 0,245 8,262
9,815 -0,770 7,630
9,840 -1,925 7,096
9,865 -2,765 6,464
9,890 -3,850 5,710
9,915 -4,620 4,884
9,940 -5,530 4,107
9,965 -6,300 3,159
9,990 -7,070 2,357
10,015 -7,665 1,409
10,040 -8,260 0,462
10,065 -8,820 -0,510
10,090 -9,205 -1,361
10,115 -9,520 -2,406
10,140 -9,835 -3,232
10,165 -9,905 -4,082
10,190 -9,940 -4,981
10,215 -9,940 -5,759
10,240 -9,870 -6,415
10,265 -9,590 -7,144
10,290 -9,380 -7,703
10,315 -9,030 -8,262
10,340 -8,610 -8,675
10,365 -8,015 -9,112
10,390 -7,385 -9,307
10,415 -6,720 -9,501
10,440 -6,020 -9,623
10,465 -5,075 -9,744
10,490 -4,165 -9,598
10,515 -3,395 -9,477
10,540 -2,380 -9,185
10,565 -1,435 -8,845
10,590 -0,420 -8,335
10,615 0,630 -7,849
10,640 1,645 -7,314
10,665 2,555 -6,658
10,690 3,605 -5,929
10,715 4,620 -5,249
10,740 5,495 -4,325
10,765 6,405 -3,499
10,790 7,280 -2,624
10,815 8,050 -1,725
10,840 8,645 -0,802
10,865 9,205 0,146
10,890 9,800 1,045
10,915 10,220 1,993
10,940 10,535 2,940
10,965 10,745 3,766
10,990 10,885 4,593
11,015 10,780 5,443
11,040 10,850 6,148
11,065 10,605 6,804
11,090 10,185 7,557
11,115 9,835 8,043
11,140 9,345 8,481
11,165 8,715 8,845
11,190 8,190 9,161
11,215 7,420 9,380
11,240 6,580 9,526
11,265 5,670 9,598
11,290 4,760 9,526
11,315 3,675 9,501
11,340 2,660 9,307
11,365 1,610 8,967
11,390 0,770 8,505
11,415 -0,315 8,043
11,440 -1,295 7,484
11,465 -2,205 6,853
11,490 -3,325 6,221
11,515 -4,025 5,492
11,540 -5,040 4,763
11,565 -5,810 3,937
11,590 -6,650 3,086
11,615 -7,280 2,114
11,640 -7,910 1,118
11,665 -8,365 0,170
11,690 -8,995 -0,705
11,715 -9,380 -1,652
11,740 -9,730 -2,576
11,765 -9,905 -3,451
11,790 -10,010 -4,277
11,815 -10,010 -5,079
11,840 -10,010 -5,832
11,865 -9,660 -6,634
11,890 -9,625 -7,266
11,915 -9,170 -7,897
11,940 -8,820 -8,383
11,965 -8,365 -8,845
11,990 -7,770 -9,064
12,015 -7,035 -9,380
12,040 -6,370 -9,550
12,065 -5,565 -9,623
12,090 -4,900 -9,574
12,115 -4,060 -9,477
12,140 -3,010 -9,283
12,165 -1,995 -8,991
12,190 -0,980 -8,724
12,215 -0,035 -8,262
12,240 0,910 -7,776
12,265 1,995 -7,120
12,290 2,975 -6,512
12,315 4,095 -5,856
12,340 5,005 -5,006
12,365 5,915 -4,204
12,390 6,685 -3,305
12,415 7,595 -2,479
12,440 8,225 -1,482
12,465 8,820 -0,632
12,490 9,345 0,364
12,515 9,835 1,337
12,540 10,325 2,187
12,565 10,570 3,110
12,590 10,780 3,961
12,615 10,850 4,811
12,640 10,815 5,589
12,665 10,780 6,221
12,690 10,500 6,925
12,715 10,080 7,533
12,740 9,590 8,116
12,765 9,100 8,578
12,790 8,575 8,894
12,815 7,805 9,137
12,840 7,070 9,404
12,865 6,195 9,550
12,890 5,250 9,550
12,915 4,375 9,526
12,940 3,325 9,428
12,965 2,345 9,161
12,990 1,365 8,772
13,015 0,350 8,359
13,040 -0,735 7,873
13,065 -1,610 7,314
13,090 -2,555 6,707
13,115 -3,535 6,051
13,140 -4,515 5,370
13,165 -5,285 4,520
13,190 -6,125 3,669
13,215 -6,930 2,794
13,240 -7,490 1,798
13,265 -8,225 0,923
13,290 -8,715 0,024
13,315 -9,030 -0,972
13,340 -9,485 -1,920
13,365 -9,765 -2,746
13,390 -9,905 -3,645
13,415 -9,905 -4,544
13,440 -10,010 -5,322
13,465 -9,975 -6,051
13,490 -9,625 -6,828
13,515 -9,310 -7,363
13,540 -9,030 -7,922
13,565 -8,610 -8,432
13,590 -8,190 -8,772
13,615 -7,455 -9,137
13,640 -6,860 -9,307
13,665 -6,230 -9,477
13,690 -5,320 -9,623
13,715 -4,515 -9,526
13,740 -3,430 -9,428
13,765 -2,555 -9,258
13,790 -1,540 -8,967
13,815 -0,700 -8,554
13,840 0,350 -8,092
13,865 1,400 -7,654
13,890 2,310 -6,950
13,915 3,430 -6,269
13,940 4,410 -5,589
13,965 5,320 -4,787
13,990 6,160 -3,985
14,015 7,070 -3,086
14,040 7,805 -2,138
14,065 8,575 -1,288
14,090 8,995 -0,389
14,115 9,660 0,535
14,140 10,115 1,507
14,165 10,325 2,406
14,190 10,640 3,305
14,215 10,850 4,131
14,240 10,850 5,006
14,265 10,815 5,735
14,290 10,570 6,439
14,315 10,185 7,144
14,340 9,835 7,752
14,365 9,520 8,213
14,390 8,820 8,675
14,415 8,260 8,991
14,440 7,385 9,307
14,465 6,755 9,380
14,490 5,845 9,550
14,515 5,005 9,574
14,540 3,885 9,477
14,565 3,010 9,258
14,590 1,925 9,064
14,615 0,910 8,651
14,640 -0,105 8,286
14,665 -1,050 7,776
14,690 -2,030 7,217
14,715 -3,010 6,585
14,740 -3,955 5,832
14,765 -4,760 5,103
14,790 -5,670 4,325
14,815 -6,370 3,426
14,840 -7,210 2,551
14,865 -7,805 1,555
14,890 -8,330 0,729
14,915 -8,820 -0,243
14,940 -9,205 -1,239
14,965 -9,555 -2,138
14,990 -9,800 -3,062
15,015 -9,870 -3,937
15,040 -9,905 -4,690
15,066 -9,800 -5,540
15,091 -9,730 -6,245
15,116 -9,415 -6,950
15,141 -9,275 -7,582
15,166 -8,925 -8,068
15,191 -8,540 -8,505
15,216 -7,910 -8,967
15,241 -7,175 -9,234
15,266 -6,475 -9,404
15,291 -5,705 -9,526
15,316 -4,900 -9,550
15,341 -4,060 -9,501
15,366 -3,115 -9,404
15,391 -2,100 -9,258
15,416 -1,190 -8,870
15,441 -0,175 -8,432
15,466 0,770 -7,970
15,491 1,785 -7,363
15,516 2,940 -6,804
15,541 3,920 -6,099
15,566 4,725 -5,322
15,591 5,670 -4,568
15,616 6,650 -3,791
15,641 7,420 -2,819
15,666 8,155 -1,920
15,691 8,750 -1,021
15,716 9,310 -0,146
15,741 9,800 0,899
15,766 10,290 1,798
15,791 10,570 2,673
15,816 10,710 3,523
15,841 10,850 4,374
15,866 10,815 5,176
15,891 10,570 5,978
15,916 10,360 6,682
15,941 10,045 7,363
15,966 9,695 7,849
15,991 9,100 8,383
16,016 8,575 8,748
16,041 7,840 9,088
16,066 7,175 9,355
16,091 6,300 9,550
16,116 5,390 9,526
16,141 4,550 9,526
16,166 3,570 9,380
16,191 2,485 9,258
16,216 1,540 8,918
16,241 0,490 8,529
16,266 -0,560 8,116
16,291 -1,470 7,630
16,316 -2,380 7,023
16,341 -3,465 6,318
16,366 -4,340 5,589
16,391 -5,215 4,884
16,416 -5,985 4,058
16,441 -6,790 3,208
16,466 -7,490 2,308
16,491 -8,050 1,434
16,516 -8,575 0,389
16,541 -9,030 -0,559
16,566 -9,345 -1,409
16,591 -9,695 -2,308
16,616 -9,835 -3,208
16,641 -9,905 -4,131
16,666 -9,905 -4,981
16,691 -9,835 -5,759
16,716 -9,695 -6,464
16,741 -9,275 -7,096
16,766 -8,995 -7,679
16,791 -8,645 -8,189
16,816 -8,225 -8,578
16,841 -7,525 -8,991
16,866 -6,895 -9,234
16,891 -6,160 -9,453
16,916 -5,320 -9,598
16,941 -4,585 -9,574
16,966 -3,815 -9,477
16,991 -2,835 -9,380
17,016 -1,785 -9,161
17,041 -0,875 -8,724
17,066 0,280 -8,408
17,091 1,295 -7,873
17,116 2,275 -7,241
17,141 3,150 -6,610
17,166 4,200 -5,905
17,191 5,110 -5,103
17,216 6,125 -4,350
17,241 6,860 -3,475
17,266 7,805 -2,673
17,291 8,400 -1,677
17,316 8,960 -0,802
17,341 9,590 0,073
17,366 9,940 1,069
17,391 10,360 1,993
17,416 10,570 2,940
17,441 10,745 3,815
17,466 10,850 4,617
17,491 10,710 5,370
17,516 10,535 6,124
17,541 10,360 6,755
17,566 10,010 7,387
17,591 9,520 7,922
17,616 8,995 8,408
17,641 8,260 8,845
17,666 7,630 9,088
17,691 6,755 9,428
17,716 5,915 9,501
17,741 5,040 9,574
17,766 4,130 9,477
17,791 3,185 9,331
17,816 2,205 9,185
17,841 1,120 8,894
17,866 0,105 8,432
17,891 -0,910 8,019
17,916 -1,890 7,484
17,941 -2,870 6,828
17,966 -3,710 6,099
17,991 -4,585 5,395
18,016 -5,530 4,568
18,041 -6,335 3,839
18,066 -7,000 3,013
18,091 -7,735 2,017
18,116 -8,190 1,069
18,141 -8,750 0,194
18,166 -9,240 -0,705
18,191 -9,450 -1,652
18,216 -9,730 -2,576
18,241 -9,800 -3,499
18,266 -9,870 -4,277
18,291 -9,870 -5,030
18,316 -9,765 -5,808
18,341 -9,590 -6,537
18,366 -9,345 -7,168
18,391 -8,925 -7,703
18,416 -8,470 -8,262
18,441 -8,050 -8,699
18,466 -7,315 -9,088
18,491 -6,720 -9,283
18,516 -5,915 -9,477
18,541 -5,075 -9,550
18,566 -4,235 -9,526
18,591 -3,325 -9,428
18,616 -2,450 -9,307
18,641 -1,365 -9,040
18,666 -0,315 -8,724
18,691 0,630 -8,213
18,716 1,680 -7,703
18,741 2,695 -7,120
18,766 3,745 -6,439
18,791 4,690 -5,710
18,816 5,670 -5,006
18,841 6,405 -4,180
18,866 7,210 -3,305
18,891 7,910 -2,381
18,916 8,645 -1,531
18,941 9,205 -0,559
18,966 9,695 0,389
18,991 10,045 1,264
19,016 10,500 2,163
19,041 10,675 3,062
19,066 10,815 3,912
19,091 10,780 4,787
19,116 10,640 5,589
19,141 10,430 6,269
19,166 10,150 6,925
19,191 9,625 7,509
19,216 9,310 7,995
19,241 8,750 8,505
19,266 8,015 8,845
19,291 7,350 9,185
19,316 6,405 9,428
19,341 5,530 9,501
19,366 4,585 9,526
19,391 3,745 9,428
19,416 2,730 9,307
19,441 1,785 9,015
19,466 0,735 8,699
19,491 -0,490 8,335
19,516 -1,295 7,825
19,541 -2,240 7,241
19,566 -3,255 6,682
19,591 -4,060 5,954
19,616 -4,900 5,200
19,641 -5,810 4,495
19,666 -6,615 3,645
19,691 -7,280 2,673
19,716 -8,015 1,847
19,741 -8,400 0,850
19,766 -8,820 -0,097
19,791 -9,275 -0,972
19,816 -9,520 -1,968
19,841 -9,695 -2,843
19,866 -9,905 -3,621
19,891 -9,975 -4,447
19,916 -9,870 -5,273
19,941 -9,695 -6,026
19,966 -9,485 -6,707
19,991 -9,135 -7,411
20,016 -8,680 -7,970
20,041 -8,365 -8,408
20,066 -7,665 -8,845
20,091 -7,070 -9,137
20,116 -6,370 -9,307
20,141 -5,600 -9,501
20,166 -4,655 -9,598
20,191 -3,745 -9,574
20,216 -2,870 -9,428
20,241 -1,995 -9,210
20,266 -1,015 -8,894
20,291 -0,070 -8,554
20,316 1,120 -8,140
20,341 2,030 -7,509
20,366 2,940 -6,901
20,391 4,025 -6,269
20,416 4,900 -5,516
20,441 5,845 -4,787
20,466 6,755 -3,961
20,491 7,630 -3,135
20,516 8,330 -2,236
20,541 8,960 -1,264
20,566 9,485 -0,364
20,591 9,975 0,559
20,616 10,255 1,507
20,641 10,535 2,479
20,666 10,640 3,305
20,691 10,780 4,131
20,716 10,815 4,933
20,741 10,640 5,735
20,766 10,290 6,464
20,791 10,080 7,047
20,816 9,590 7,703
20,841 9,100 8,116
20,866 8,505 8,554
20,891 7,735 8,894
20,916 7,000 9,185
20,941 6,020 9,355
20,966 5,250 9,428
20,991 4,235 9,428
21,016 3,255 9,380
21,041 2,310 9,210
21,066 1,225 8,991
21,091 0,385 8,651
21,116 -0,665 8,238
21,141 -1,680 7,776
21,166 -2,730 7,168
21,191 -3,535 6,488
21,216 -4,410 5,735
21,241 -5,145 4,981
21,266 -6,055 4,228
21,291 -6,825 3,329
21,316 -7,595 2,454
21,341 -8,120 1,604
21,366 -8,680 0,607
21,391 -9,030 -0,292
21,416 -9,310 -1,239
21,441 -9,730 -2,090
21,466 -9,870 -2,940
21,491 -9,940 -3,815
21,516 -9,870 -4,666
21,541 -9,835 -5,516
21,566 -9,660 -6,196
21,591 -9,380 -6,828
21,616 -9,065 -7,460
21,641 -8,575 -7,946
21,666 -8,085 -8,408
21,691 -7,420 -8,870
21,716 -6,790 -9,161
21,741 -6,055 -9,355
21,766 -5,180 -9,526
21,791 -4,445 -9,501
21,816 -3,465 -9,526
21,841 -2,625 -9,307
21,866 -1,540 -9,112
21,891 -0,630 -8,797
21,916 0,420 -8,408
21,941 1,470 -7,995
21,966 2,450 -7,387
21,991 3,465 -6,731
22,016 4,410 -6,051
22,041 5,355 -5,395
22,066 6,265 -4,568
22,091 7,105 -3,766
22,116 7,770 -2,843
22,141 8,435 -1,993
22,166 9,100 -1,021
22,191 9,660 -0,073
22,216 9,975 0,778
22,241 10,360 1,701
22,266 10,605 2,673
22,291 10,780 3,475
22,316 10,780 4,350
22,341 10,745 5,127
22,366 10,500 5,905
22,391 10,255 6,537
22,416 9,835 7,193
22,441 9,310 7,800
22,466 8,750 8,238
22,491 8,190 8,699
22,516 7,595 8,991
22,541 6,545 9,258
22,566 5,775 9,428
22,591 4,900 9,501
22,616 3,990 9,501
22,641 2,975 9,404
22,666 1,855 9,210
22,691 0,840 8,918
22,716 -0,070 8,505
22,741 -1,120 8,068
22,766 -2,030 7,533
22,791 -2,975 6,950
22,816 -3,885 6,318
22,841 -4,760 5,638
22,866 -5,635 4,836
22,891 -6,370 3,961
22,916 -7,140 3,135
22,941 -7,700 2,211
22,966 -8,400 1,385
22,991 -8,750 0,389
23,016 -9,135 -0,510
23,041 -9,520 -1,434
23,066 -9,765 -2,284
23,091 -9,835 -3,183
23,116 -10,010 -4,010
23,141 -9,975 -4,860
23,166 -9,800 -5,638
23,191 -9,485 -6,367
23,216 -9,240 -7,047
23,241 -8,785 -7,582
23,266 -8,295 -8,140
23,291 -7,735 -8,627
23,316 -7,245 -8,894
23,341 -6,510 -9,234
23,366 -5,600 -9,404
23,391 -4,795 -9,526
23,416 -4,025 -9,477
23,441 -3,045 -9,404
23,466 -2,100 -9,307
23,491 -1,190 -8,991
23,516 -0,175 -8,699
23,541 0,875 -8,335
23,566 1,855 -7,776
23,591 2,870 -7,241
23,616 3,710 -6,610
23,641 4,725 -5,905
23,666 5,740 -5,176
23,691 6,510 -4,398
23,716 7,280 -3,572
23,741 8,085 -2,697
23,766 8,785 -1,750
23,791 9,310 -0,850
23,816 9,835 0,073
23,841 10,080 1,021
23,866 10,395 1,944
23,891 10,640 2,819
23,916 10,710 3,718
23,941 10,780 4,520
23,966 10,640 5,346
23,991 10,360 6,026
24,016 10,115 6,731
24,041 9,555 7,339
24,066 9,030 7,897
24,091 8,435 8,335
24,116 7,840 8,724
24,141 7,070 9,088
24,166 6,335 9,355
24,191 5,425 9,477
24,216 4,480 9,526
24,241 3,535 9,428
24,266 2,625 9,355
24,291 1,610 9,064
24,316 0,525 8,748
24,341 -0,455 8,408
24,366 -1,540 7,970
24,391 -2,520 7,436
24,416 -3,360 6,828
24,441 -4,270 6,148
24,466 -5,180 5,443
24,491 -5,950 4,641
24,516 -6,650 3,815
24,541 -7,350 2,989
24,566 -7,980 2,041
24,591 -8,610 1,191
24,616 -9,030 0,243
24,641 -9,275 -0,753
24,666 -9,730 -1,604
24,691 -9,835 -2,479
24,716 -9,870 -3,353
24,741 -9,765 -4,277
24,766 -9,730 -5,054
24,791 -9,590 -5,832
24,816 -9,485 -6,561
24,841 -8,995 -7,193
24,866 -8,575 -7,752
24,891 -8,085 -8,238
24,916 -7,525 -8,627
24,941 -6,860 -9,064
24,966 -6,160 -9,185
24,991 -5,355 -9,404
25,016 -4,585 -9,477
25,041 -3,570 -9,526
25,066 -2,625 -9,453
25,091 -1,715 -9,258
25,116 -0,770 -8,967
25,141 0,175 -8,529
25,166 1,190 -8,140
25,191 2,170 -7,654
25,216 3,115 -7,047
25,241 4,340 -6,367
25,266 5,145 -5,710
25,291 6,090 -4,957
25,316 6,860 -4,131
25,341 7,735 -3,329
25,366 8,365 -2,479
25,391 9,100 -1,531
25,416 9,450 -0,583
25,441 9,870 0,292
25,466 10,255 1,239
25,491 10,605 2,163
25,516 10,675 3,086
25,541 10,675 3,912
25,566 10,640 4,690
25,591 10,570 5,467
25,616 10,255 6,172
25,641 9,905 6,901
25,666 9,415 7,533
25,691 8,995 8,019
25,716 8,225 8,481
25,741 7,490 8,845
25,766 6,685 9,088
25,791 5,915 9,283
25,816 5,040 9,428
25,841 4,025 9,501
25,866 2,940 9,477
25,891 2,030 9,283
25,916 1,155 8,967
25,941 0,105 8,651
25,966 -0,910 8,286
25,991 -1,925 7,800
26,016 -2,905 7,290
26,041 -3,745 6,634
26,067 -4,620 5,929
26,092 -5,565 5,200
26,117 -6,265 4,398
26,142 -7,035 3,523
26,167 -7,700 2,673
26,192 -8,190 1,725
26,217 -8,785 0,923
26,242 -9,100 0,000
26,267 -9,520 -0,899
26,292 -9,765 -1,871
26,317 -9,870 -2,843
26,342 -9,835 -3,718
26,367 -9,870 -4,471
26,392 -9,800 -5,273
26,417 -9,625 -5,929
26,442 -9,310 -6,658
26,467 -8,855 -7,339
26,492 -8,365 -7,897
26,517 -7,875 -8,335
26,542 -7,245 -8,724
26,567 -6,580 -8,967
26,592 -5,740 -9,307
26,617 -4,970 -9,428
26,642 -4,130 -9,550
26,667 -3,255 -9,453
26,692 -2,275 -9,380
26,717 -1,295 -9,161
26,742 -0,280 -8,821
26,767 0,665 -8,456
26,792 1,680 -7,995
26,817 2,660 -7,436
26,842 3,640 -6,877
26,867 4,585 -6,269
26,892 5,600 -5,540
26,917 6,440 -4,763
26,942 7,175 -3,937
26,967 7,910 -2,989
26,992 8,575 -2,138
27,017 9,135 -1,264
27,042 9,695 -0,340
27,067 10,045 0,656
27,092 10,395 1,531
27,117 10,535 2,454
27,142 10,780 3,280
27,167 10,780 4,155
27,192 10,640 4,933
27,217 10,465 5,710
27,242 10,185 6,439
27,267 9,730 7,047
27,292 9,240 7,533
27,317 8,610 8,068
27,342 7,945 8,456
27,367 7,210 8,821
27,392 6,440 9,161
27,417 5,530 9,331
27,442 4,725 9,355
27,467 3,675 9,428
27,492 2,660 9,331
27,517 1,680 9,234
27,542 0,770 8,918
27,567 -0,280 8,602
27,592 -1,330 8,238
27,617 -2,310 7,654
27,642 -3,115 7,096
27,667 -4,095 6,439
27,692 -5,005 5,710
27,717 -5,740 4,957
27,742 -6,615 4,204
27,767 -7,385 3,402
27,792 -7,910 2,479
27,817 -8,435 1,628
27,842 -8,820 0,680
27,867 -9,345 -0,243
27,892 -9,625 -1,166
27,917 -9,835 -2,041
27,942 -9,940 -2,965
27,967 -9,940 -3,766
27,992 -9,800 -4,617
28,017 -9,730 -5,346
28,042 -9,555 -6,075
28,067 -9,205 -6,731
28,092 -8,680 -7,363
28,117 -8,225 -7,897
28,142 -7,665 -8,408
28,167 -7,070 -8,821
28,192 -6,335 -9,137
28,217 -5,635 -9,307
28,242 -4,760 -9,404
28,267 -3,885 -9,477
28,292 -2,905 -9,404
28,317 -2,030 -9,258
28,342 -1,120 -9,015
28,367 0,070 -8,748
28,392 0,945 -8,311
28,417 2,030 -7,873
28,442 2,940 -7,339
28,467 4,060 -6,731
28,492 5,040 -6,051
28,517 5,775 -5,273
28,542 6,755 -4,568
28,567 7,455 -3,669
28,592 8,190 -2,892
28,617 8,855 -1,920
28,642 9,450 -1,118
28,667 9,835 -0,121
28,692 10,185 0,753
28,717 10,465 1,774
