0,025 3,045 -3,013
0,050 3,325 -3,305
0,079 3,395 -3,280
0,104 3,395 -3,280
0,129 3,255 -3,135
0,154 3,115 -2,940
0,179 3,045 -2,722
0,204 2,765 -2,503
0,229 2,485 -2,114
0,256 2,135 -1,750
0,281 1,610 -1,288
0,306 1,330 -0,923
0,331 0,910 -0,486
0,356 0,455 -0,024
0,383 -0,035 0,510
0,409 -0,595 1,093
0,441 -1,155 1,652
0,466 -1,575 2,163
0,491 -2,100 2,649
0,516 -2,520 3,135
0,541 -2,975 3,548
0,566 -3,395 3,888
0,591 -3,710 4,301
0,616 -4,025 4,593
0,641 -4,235 4,836
0,666 -4,445 5,054
0,691 -4,690 5,224
0,716 -4,795 5,249
0,741 -4,900 5,297
0,766 -4,830 5,297
0,791 -4,830 5,200
0,816 -4,830 5,054
0,841 -4,620 4,836
0,866 -4,410 4,520
0,891 -4,200 4,252
0,916 -3,885 3,912
0,941 -3,500 3,548
0,966 -3,045 3,110
0,991 -2,695 2,624
1,016 -2,345 2,138
1,041 -1,890 1,677
1,066 -1,435 1,142
1,091 -0,875 0,680
1,116 -0,420 0,097
1,141 -0,000 -0,340
1,166 0,385 -0,778
1,191 0,805 -1,288
1,216 1,190 -1,701
1,241 1,575 -2,138
1,266 1,960 -2,503
1,291 2,240 -2,770
1,316 2,590 -3,062
1,341 2,730 -3,256
1,366 2,975 -3,378
1,391 3,045 -3,475
1,416 3,150 -3,523
1,441 3,150 -3,499
1,466 3,185 -3,451
1,491 2,975 -3,305
1,516 2,905 -3,135
1,541 2,660 -2,965
1,566 2,450 -2,722
1,591 2,135 -2,333
1,616 1,785 -1,920
1,641 1,435 -1,482
1,666 1,190 -1,093
1,691 0,735 -0,607
1,716 0,280 -0,121
1,741 -0,175 0,389
1,766 -0,700 0,899
1,791 -1,190 1,458
1,816 -1,575 1,920
1,841 -2,030 2,381
1,866 -2,415 2,916
1,891 -2,940 3,353
1,916 -3,220 3,766
1,941 -3,570 4,131
1,966 -3,955 4,495
1,991 -4,165 4,787
2,017 -4,410 5,030
2,042 -4,585 5,200
2,067 -4,620 5,322
2,092 -4,795 5,419
2,117 -4,690 5,395
2,142 -4,760 5,346
2,167 -4,655 5,273
2,192 -4,515 5,079
2,217 -4,235 4,884
2,242 -3,990 4,568
2,267 -3,745 4,228
2,292 -3,465 3,912
2,317 -3,080 3,451
2,342 -2,695 3,013
2,367 -2,240 2,527
2,392 -1,785 2,041
2,417 -1,330 1,482
2,442 -0,875 1,069
2,467 -0,455 0,486
2,492 0,035 -0,024
2,517 0,420 -0,510
2,542 0,840 -0,972
2,567 1,260 -1,458
2,592 1,575 -1,871
2,617 1,995 -2,236
2,642 2,345 -2,551
2,667 2,520 -2,819
2,692 2,695 -3,062
2,717 2,835 -3,305
2,742 2,940 -3,426
2,767 3,150 -3,523
2,792 3,080 -3,499
2,817 3,010 -3,475
2,842 2,940 -3,402
2,867 2,870 -3,329
2,892 2,590 -3,062
2,917 2,485 -2,843
2,942 2,170 -2,503
2,967 1,890 -2,260
2,992 1,400 -1,871
3,017 0,980 -1,434
3,042 0,525 -0,972
3,067 0,210 -0,510
3,092 -0,315 0,000
3,117 -0,735 0,510
3,142 -1,225 1,069
3,167 -1,645 1,507
3,192 -2,135 2,041
3,217 -2,380 2,527
3,242 -2,835 2,965
3,267 -3,220 3,402
3,292 -3,640 3,815
3,317 -3,815 4,155
3,342 -4,165 4,520
3,367 -4,375 4,787
3,392 -4,515 5,006
3,417 -4,585 5,152
3,442 -4,795 5,224
3,467 -4,760 5,322
3,492 -4,760 5,370
3,517 -4,655 5,273
3,542 -4,550 5,127
3,567 -4,270 4,933
3,592 -3,990 4,739
3,617 -3,745 4,374
3,642 -3,465 4,034
3,667 -3,045 3,645
3,692 -2,695 3,280
3,717 -2,310 2,843
3,742 -1,890 2,430
3,767 -1,400 1,847
3,792 -1,015 1,409
3,817 -0,490 0,923
3,842 -0,035 0,389
3,867 0,490 -0,170
3,892 0,910 -0,607
3,917 1,260 -1,021
3,942 1,680 -1,458
3,967 2,030 -1,871
3,992 2,345 -2,211
4,017 2,625 -2,600
4,042 2,835 -2,843
4,067 2,975 -3,037
4,092 3,115 -3,183
4,117 3,255 -3,232
4,142 3,185 -3,305
4,167 3,220 -3,402
4,192 3,185 -3,305
4,217 2,975 -3,232
4,242 2,835 -2,989
4,267 2,660 -2,843
4,292 2,240 -2,551
4,317 1,855 -2,308
4,342 1,505 -1,920
4,367 1,190 -1,579
4,392 0,770 -1,118
4,417 0,280 -0,729
4,442 -0,140 -0,243
4,467 -0,595 0,194
4,492 -1,015 0,680
4,517 -1,505 1,191
4,542 -2,065 1,725
4,567 -2,450 2,236
4,592 -2,905 2,649
4,617 -3,325 3,086
4,642 -3,675 3,548
4,667 -3,920 3,864
4,692 -4,235 4,204
4,717 -4,550 4,471
4,742 -4,655 4,787
4,767 -4,760 4,933
4,792 -4,935 5,079
4,817 -4,900 5,103
4,842 -4,970 5,103
4,867 -4,865 5,030
4,892 -4,795 4,981
4,917 -4,515 4,836
4,942 -4,270 4,593
4,967 -4,025 4,398
4,992 -3,745 4,058
5,017 -3,220 3,718
5,042 -2,905 3,353
5,067 -2,450 2,940
5,092 -2,030 2,430
5,117 -1,540 2,017
5,142 -1,120 1,531
5,167 -0,560 1,045
5,192 -0,070 0,632
5,217 0,245 0,146
5,242 0,700 -0,389
5,267 1,190 -0,802
5,292 1,645 -1,142
5,317 1,960 -1,604
5,342 2,310 -1,920
5,367 2,590 -2,236
5,392 2,870 -2,503
5,417 3,115 -2,746
5,442 3,255 -2,892
5,467 3,395 -3,013
5,492 3,395 -3,086
5,517 3,430 -3,135
5,542 3,430 -3,110
5,567 3,255 -3,037
5,592 3,080 -2,916
5,617 2,835 -2,722
5,642 2,520 -2,454
5,667 2,240 -2,236
5,692 1,925 -1,895
5,717 1,575 -1,579
5,742 1,050 -1,118
5,767 0,665 -0,802
5,792 0,210 -0,292
5,817 -0,315 0,170
5,842 -0,840 0,632
5,867 -1,295 1,093
5,892 -1,750 1,531
5,917 -2,205 1,993
5,942 -2,695 2,430
5,967 -3,115 2,843
5,992 -3,570 3,305
6,017 -3,815 3,645
6,042 -4,200 4,010
6,067 -4,410 4,277
6,092 -4,690 4,495
6,117 -4,900 4,666
6,142 -5,040 4,836
6,167 -5,005 4,909
6,192 -5,075 4,933
6,217 -5,005 4,860
6,242 -4,935 4,811
6,268 -4,795 4,617
6,293 -4,585 4,471
6,318 -4,305 4,228
6,343 -3,920 3,961
6,368 -3,640 3,596
6,393 -3,255 3,280
6,418 -2,835 2,867
6,443 -2,450 2,430
6,468 -1,890 1,993
6,493 -1,470 1,531
6,518 -0,980 1,045
6,543 -0,525 0,632
6,568 -0,000 0,170
6,593 0,420 -0,267
6,618 0,910 -0,729
6,643 1,400 -1,069
6,668 1,750 -1,482
6,693 2,100 -1,895
6,718 2,485 -2,187
6,743 2,765 -2,406
6,768 3,080 -2,649
6,793 3,220 -2,819
6,818 3,290 -2,916
6,843 3,430 -2,940
6,868 3,500 -2,965
6,893 3,465 -2,989
6,918 3,360 -2,892
6,943 3,185 -2,794
6,968 3,080 -2,600
6,993 2,695 -2,357
7,018 2,555 -2,114
7,043 2,170 -1,798
7,068 1,925 -1,458
7,093 1,435 -1,093
7,118 1,015 -0,680
7,143 0,595 -0,267
7,168 0,140 0,194
7,193 -0,350 0,656
7,218 -0,910 1,142
7,243 -1,400 1,604
7,268 -1,855 2,017
7,293 -2,345 2,503
7,318 -2,660 2,892
7,343 -3,115 3,305
7,368 -3,465 3,621
7,393 -3,885 3,961
7,418 -4,200 4,252
7,443 -4,515 4,495
7,468 -4,690 4,690
7,493 -4,830 4,763
7,518 -4,970 4,884
7,543 -4,970 4,933
7,568 -4,970 4,909
7,593 -4,900 4,836
7,618 -4,865 4,714
7,643 -4,620 4,495
7,668 -4,410 4,228
7,693 -4,165 3,937
7,718 -3,920 3,621
7,743 -3,535 3,256
7,768 -3,185 2,892
7,793 -2,730 2,406
7,818 -2,240 1,944
7,843 -1,785 1,579
7,869 -1,330 1,021
7,894 -0,840 0,632
7,919 -0,350 0,194
7,944 0,035 -0,292
7,969 0,560 -0,729
7,994 0,945 -1,142
8,019 1,400 -1,507
8,044 1,750 -1,798
8,069 2,135 -2,260
8,094 2,380 -2,503
8,119 2,730 -2,697
8,144 2,905 -2,892
8,169 3,150 -3,062
8,194 3,150 -3,062
8,219 3,290 -3,183
8,244 3,290 -3,110
8,269 3,220 -3,037
8,294 3,115 -2,940
8,319 3,010 -2,770
8,344 2,800 -2,503
8,369 2,590 -2,260
8,394 2,205 -1,920
8,419 1,960 -1,531
8,444 1,610 -1,142
8,469 1,190 -0,753
8,494 0,770 -0,267
8,519 0,315 0,146
8,544 -0,140 0,656
8,569 -0,630 1,118
8,594 -1,050 1,579
8,619 -1,435 2,017
8,644 -1,960 2,454
8,669 -2,450 2,892
8,694 -2,870 3,280
8,719 -3,255 3,718
8,744 -3,535 4,058
8,769 -3,920 4,350
8,794 -4,130 4,617
8,819 -4,305 4,787
8,844 -4,620 4,909
8,869 -4,725 5,006
8,894 -4,725 5,079
8,919 -4,760 5,054
8,944 -4,795 5,006
8,969 -4,620 4,884
8,994 -4,515 4,714
9,019 -4,340 4,471
9,044 -4,200 4,180
9,069 -3,815 3,864
9,094 -3,570 3,499
9,119 -3,255 3,110
9,144 -2,870 2,673
9,169 -2,450 2,187
9,194 -1,995 1,677
9,219 -1,575 1,239
9,244 -1,225 0,753
9,269 -0,630 0,219
9,294 -0,175 -0,170
9,319 0,350 -0,680
9,344 0,665 -1,069
9,369 1,085 -1,531
9,394 1,400 -1,968
9,419 1,855 -2,260
9,444 2,065 -2,576
9,469 2,380 -2,794
9,494 2,730 -2,989
9,519 2,800 -3,135
9,544 2,940 -3,256
9,569 3,080 -3,329
9,594 3,150 -3,305
9,619 3,080 -3,305
9,644 3,080 -3,135
9,669 2,975 -2,965
9,694 2,800 -2,746
9,719 2,485 -2,527
9,744 2,240 -2,187
9,769 1,820 -1,847
9,794 1,540 -1,531
9,822 1,085 -0,996
9,847 0,735 -0,559
9,872 0,420 -0,073
9,897 -0,000 0,413
9,922 -0,490 0,875
9,947 -0,980 1,385
9,972 -1,330 1,847
9,997 -1,960 2,381
10,022 -2,275 2,794
10,047 -2,660 3,208
10,072 -3,045 3,621
10,097 -3,500 4,058
10,122 -3,710 4,374
10,147 -3,990 4,617
10,172 -4,270 4,860
10,197 -4,445 5,054
10,222 -4,445 5,103
10,247 -4,620 5,224
10,272 -4,585 5,224
10,297 -4,620 5,200
10,322 -4,585 5,079
10,347 -4,410 4,933
10,372 -4,200 4,641
10,397 -4,095 4,398
10,422 -3,710 4,131
10,447 -3,430 3,742
10,472 -3,150 3,378
10,497 -2,730 2,965
10,522 -2,310 2,479
10,547 -1,925 1,993
10,572 -1,435 1,555
10,597 -1,085 1,021
10,622 -0,665 0,535
10,647 -0,280 0,073
10,672 0,245 -0,437
10,697 0,665 -0,899
10,722 1,085 -1,288
10,747 1,435 -1,750
10,772 1,715 -2,138
10,799 2,065 -2,479
10,824 2,310 -2,770
10,849 2,555 -2,989
10,874 2,695 -3,159
10,899 2,870 -3,329
10,924 2,975 -3,451
10,949 2,975 -3,475
10,974 2,940 -3,402
10,999 2,870 -3,353
11,024 2,730 -3,183
11,049 2,590 -2,989
11,074 2,345 -2,697
11,099 2,170 -2,430
11,124 1,785 -2,138
11,149 1,470 -1,677
11,174 1,120 -1,288
11,199 0,700 -0,899
11,224 0,245 -0,413
11,249 -0,105 0,024
11,274 -0,525 0,510
11,299 -1,050 0,996
11,324 -1,435 1,531
11,349 -1,925 2,065
11,374 -2,380 2,503
11,399 -2,730 2,916
11,424 -3,045 3,353
11,449 -3,430 3,766
11,474 -3,745 4,107
11,499 -3,990 4,447
11,524 -4,200 4,714
11,549 -4,410 4,909
11,574 -4,515 5,054
11,599 -4,655 5,152
11,624 -4,550 5,200
11,649 -4,585 5,224
11,674 -4,445 5,127
11,699 -4,410 5,030
11,724 -4,165 4,811
11,749 -4,060 4,641
11,774 -3,710 4,374
11,799 -3,465 4,034
11,824 -3,010 3,645
11,849 -2,695 3,256
11,874 -2,205 2,746
11,899 -1,890 2,308
11,924 -1,505 1,871
11,949 -1,015 1,409
11,974 -0,560 0,875
11,999 -0,140 0,413
12,024 0,315 -0,049
12,049 0,735 -0,486
12,074 1,050 -0,972
12,099 1,400 -1,361
12,124 1,750 -1,750
12,149 2,065 -2,065
12,174 2,450 -2,406
12,199 2,590 -2,722
12,224 2,835 -2,940
12,249 2,905 -3,037
12,274 3,010 -3,183
12,299 2,940 -3,256
12,324 2,975 -3,280
12,349 2,835 -3,232
12,374 2,730 -3,183
12,399 2,590 -3,037
12,424 2,380 -2,794
12,449 2,100 -2,551
12,474 1,785 -2,236
12,499 1,540 -1,920
12,524 1,155 -1,604
12,549 0,700 -1,142
12,574 0,420 -0,705
12,599 -0,000 -0,243
12,624 -0,525 0,170
12,649 -0,980 0,632
12,674 -1,435 1,118
12,699 -1,855 1,628
12,724 -2,310 2,114
12,749 -2,695 2,551
12,774 -3,080 2,965
12,799 -3,430 3,426
12,824 -3,815 3,766
12,849 -4,130 4,082
12,874 -4,235 4,350
12,899 -4,410 4,593
12,924 -4,550 4,739
12,949 -4,655 4,909
12,974 -4,690 5,030
12,999 -4,725 5,079
13,024 -4,620 4,957
13,049 -4,550 4,909
13,074 -4,375 4,787
13,099 -4,130 4,544
13,124 -3,885 4,277
13,149 -3,605 4,034
13,174 -3,220 3,669
13,199 -2,800 3,329
13,224 -2,415 2,965
13,249 -1,995 2,527
13,274 -1,540 2,114
13,299 -1,155 1,677
13,324 -0,665 1,166
13,349 -0,350 0,753
13,374 0,210 0,267
13,399 0,490 -0,194
13,424 1,015 -0,607
13,449 1,435 -1,021
13,474 1,855 -1,434
13,499 2,170 -1,774
13,524 2,520 -2,114
13,549 2,660 -2,381
13,574 2,905 -2,624
13,599 3,010 -2,819
13,624 3,185 -2,965
13,649 3,150 -2,989
13,674 3,150 -3,110
13,699 3,045 -3,037
13,724 2,975 -3,013
13,749 2,870 -2,867
13,774 2,695 -2,673
13,799 2,380 -2,479
13,824 2,100 -2,236
13,849 1,715 -1,920
13,874 1,400 -1,579
13,899 1,015 -1,191
13,924 0,595 -0,802
13,949 0,175 -0,389
13,974 -0,280 0,097
13,999 -0,840 0,510
14,024 -1,295 0,972
14,049 -1,750 1,434
14,074 -2,100 1,847
14,099 -2,590 2,357
14,124 -2,975 2,697
14,149 -3,290 3,110
14,174 -3,570 3,523
14,199 -3,990 3,815
14,224 -4,235 4,082
14,249 -4,480 4,350
14,274 -4,690 4,495
14,299 -4,795 4,690
14,324 -4,900 4,811
14,349 -4,830 4,836
14,374 -4,795 4,836
14,399 -4,725 4,714
14,424 -4,585 4,593
14,449 -4,340 4,495
14,474 -4,165 4,277
14,499 -3,955 3,985
14,524 -3,570 3,621
14,549 -3,290 3,329
14,574 -2,730 2,965
14,599 -2,380 2,576
14,624 -1,890 2,138
14,649 -1,540 1,725
14,674 -1,050 1,215
14,699 -0,630 0,826
14,724 -0,070 0,364
14,749 0,385 -0,097
14,774 0,875 -0,462
14,799 1,155 -0,875
14,824 1,575 -1,288
14,849 2,030 -1,604
14,874 2,310 -1,944
14,899 2,625 -2,187
14,924 2,870 -2,406
14,949 2,975 -2,600
14,974 3,150 -2,746
14,999 3,255 -2,819
15,024 3,290 -2,843
15,049 3,290 -2,843
15,074 3,255 -2,843
15,099 3,115 -2,722
15,124 2,905 -2,600
15,149 2,590 -2,357
15,174 2,415 -2,138
15,199 2,065 -1,823
15,224 1,645 -1,531
15,249 1,295 -1,166
15,274 0,910 -0,802
15,299 0,455 -0,340
15,324 0,035 0,024
15,349 -0,455 0,437
15,374 -0,875 0,899
15,399 -1,365 1,385
15,424 -1,715 1,823
15,449 -2,205 2,260
15,474 -2,695 2,624
15,499 -3,150 3,086
15,524 -3,500 3,426
15,549 -3,850 3,766
15,574 -4,095 4,058
15,599 -4,340 4,277
15,624 -4,585 4,447
15,649 -4,795 4,593
15,674 -4,795 4,714
15,699 -4,935 4,787
15,724 -4,865 4,787
15,749 -4,725 4,690
15,774 -4,725 4,544
15,799 -4,690 4,447
15,824 -4,410 4,131
15,849 -4,130 3,937
15,874 -3,850 3,621
15,899 -3,570 3,280
15,924 -3,115 2,892
15,949 -2,660 2,503
15,974 -2,240 2,090
15,999 -1,785 1,725
16,024 -1,365 1,239
16,049 -0,980 0,826
16,074 -0,560 0,364
16,099 -0,070 -0,121
16,124 0,420 -0,510
16,149 0,735 -0,875
16,174 1,225 -1,264
16,199 1,680 -1,604
16,224 2,030 -1,993
16,249 2,310 -2,260
16,274 2,660 -2,406
16,299 2,765 -2,600
16,324 3,010 -2,819
16,349 3,115 -2,892
16,374 3,220 -2,892
16,399 3,255 -2,867
16,424 3,220 -2,819
16,449 3,080 -2,770
16,474 2,940 -2,600
16,499 2,765 -2,357
16,524 2,520 -2,090
16,549 2,310 -1,871
16,574 1,960 -1,531
16,599 1,540 -1,191
16,624 1,295 -0,802
16,649 0,805 -0,340
16,674 0,420 0,024
16,699 -0,070 0,510
16,724 -0,525 0,923
16,749 -0,910 1,385
16,774 -1,435 1,847
16,799 -1,960 2,284
16,824 -2,310 2,649
16,849 -2,730 3,135
16,874 -3,150 3,475
16,899 -3,430 3,791
16,924 -3,780 4,082
16,949 -4,025 4,374
16,974 -4,340 4,568
16,999 -4,515 4,763
17,024 -4,655 4,836
17,049 -4,795 4,884
17,074 -4,830 4,811
17,099 -4,725 4,811
17,124 -4,620 4,666
17,149 -4,445 4,544
17,174 -4,340 4,350
17,199 -4,130 4,107
17,224 -3,885 3,742
17,249 -3,640 3,426
17,274 -3,325 3,037
17,299 -2,905 2,649
17,324 -2,485 2,236
17,349 -2,135 1,847
17,374 -1,680 1,337
17,399 -1,225 0,875
17,424 -0,840 0,364
17,449 -0,350 -0,049
17,474 0,070 -0,486
17,499 0,490 -0,875
17,524 0,875 -1,264
17,549 1,295 -1,604
17,574 1,575 -1,968
17,599 1,925 -2,284
17,624 2,310 -2,551
17,649 2,485 -2,722
17,674 2,660 -2,892
17,699 2,800 -2,989
17,724 2,975 -3,110
17,749 3,080 -3,062
17,774 3,080 -2,989
17,799 2,940 -2,940
17,824 2,835 -2,794
17,849 2,695 -2,576
17,874 2,590 -2,357
17,899 2,240 -2,065
17,924 2,030 -1,750
17,949 1,645 -1,385
17,974 1,330 -1,021
17,999 0,875 -0,607
18,024 0,490 -0,219
18,049 0,245 0,243
18,074 -0,280 0,778
18,099 -0,805 1,239
18,124 -1,190 1,677
18,149 -1,610 2,114
18,174 -2,065 2,551
18,199 -2,520 3,037
18,224 -2,765 3,451
18,249 -3,115 3,766
18,274 -3,535 4,082
18,299 -3,850 4,398
18,324 -3,990 4,641
18,349 -4,235 4,811
18,374 -4,375 4,884
18,399 -4,445 5,030
18,424 -4,550 5,054
18,449 -4,550 4,957
18,474 -4,480 4,909
18,499 -4,410 4,787
18,524 -4,305 4,617
18,549 -4,060 4,398
18,574 -3,850 4,058
18,599 -3,570 3,791
18,624 -3,255 3,402
18,649 -2,870 2,965
18,674 -2,380 2,551
18,699 -2,065 2,090
18,724 -1,750 1,579
18,749 -1,330 1,118
18,774 -0,945 0,607
18,799 -0,525 0,243
18,824 -0,070 -0,219
18,849 0,245 -0,705
18,874 0,735 -1,093
18,899 1,155 -1,555
18,924 1,505 -1,895
18,949 1,715 -2,211
18,974 1,995 -2,454
18,999 2,345 -2,722
19,024 2,555 -2,940
19,049 2,625 -3,062
19,074 2,695 -3,183
19,099 2,800 -3,208
19,124 2,695 -3,208
19,149 2,765 -3,159
19,174 2,730 -3,037
19,199 2,660 -2,867
19,224 2,450 -2,624
19,249 2,170 -2,406
19,274 1,855 -2,138
19,299 1,505 -1,725
19,324 1,260 -1,385
19,349 0,910 -0,996
19,374 0,490 -0,535
19,399 0,105 -0,073
19,424 -0,385 0,389
19,449 -0,665 0,875
19,474 -1,155 1,337
19,499 -1,575 1,823
19,524 -2,030 2,284
19,549 -2,345 2,697
19,574 -2,625 3,110
19,599 -3,045 3,523
19,624 -3,395 3,888
19,649 -3,640 4,228
19,674 -3,920 4,495
19,699 -4,060 4,763
19,724 -4,305 4,884
19,749 -4,340 5,006
19,774 -4,410 5,054
19,799 -4,375 5,127
19,824 -4,445 5,054
19,849 -4,235 4,957
19,874 -4,200 4,787
19,899 -3,920 4,617
19,924 -3,780 4,325
19,949 -3,430 4,058
19,974 -3,220 3,718
19,999 -2,870 3,329
20,024 -2,555 2,916
20,049 -2,065 2,503
20,074 -1,645 2,017
20,099 -1,260 1,507
20,124 -0,945 1,069
20,149 -0,525 0,607
20,174 -0,000 0,170
20,199 0,420 -0,316
20,224 0,735 -0,778
20,249 1,085 -1,166
20,274 1,435 -1,604
20,299 1,820 -1,968
20,324 2,065 -2,211
20,349 2,310 -2,527
20,374 2,485 -2,746
20,399 2,625 -2,940
20,424 2,730 -3,086
20,449 2,905 -3,159
20,474 2,835 -3,208
20,499 2,765 -3,183
20,524 2,660 -3,086
20,549 2,485 -2,965
20,574 2,450 -2,794
20,599 2,135 -2,576
20,624 1,855 -2,260
20,649 1,645 -1,944
20,674 1,225 -1,604
20,699 0,805 -1,239
20,724 0,455 -0,802
20,749 0,140 -0,462
20,774 -0,315 0,024
20,799 -0,630 0,486
20,824 -1,155 0,923
20,849 -1,575 1,385
20,874 -1,995 1,847
20,899 -2,380 2,357
20,924 -2,800 2,794
20,949 -3,045 3,183
20,974 -3,360 3,572
20,999 -3,710 3,864
21,024 -3,885 4,228
21,049 -4,095 4,447
21,074 -4,340 4,666
21,099 -4,410 4,811
21,124 -4,515 4,981
21,149 -4,585 4,981
21,174 -4,515 4,957
21,199 -4,480 4,884
21,224 -4,340 4,811
21,249 -4,095 4,641
21,274 -3,885 4,471
21,299 -3,570 4,155
21,324 -3,290 3,888
21,349 -2,940 3,475
21,374 -2,660 3,159
21,399 -2,240 2,746
21,424 -1,855 2,357
21,449 -1,435 1,871
21,474 -1,085 1,434
21,499 -0,595 0,972
21,524 -0,105 0,486
21,549 0,280 0,049
21,574 0,700 -0,364
21,599 1,120 -0,778
21,624 1,505 -1,142
21,649 1,750 -1,531
21,674 1,995 -1,847
21,699 2,345 -2,236
21,724 2,555 -2,430
21,749 2,695 -2,624
21,774 2,765 -2,819
21,799 2,870 -2,940
21,824 2,870 -2,989
21,849 2,975 -3,037
21,874 2,765 -2,965
21,899 2,730 -2,867
21,924 2,485 -2,722
21,949 2,345 -2,551
21,974 2,030 -2,260
21,999 1,750 -2,065
22,024 1,400 -1,774
22,049 1,085 -1,385
22,074 0,665 -1,045
22,099 0,315 -0,656
22,124 -0,140 -0,194
22,149 -0,560 0,243
22,174 -0,980 0,753
22,199 -1,400 1,118
22,224 -1,890 1,604
22,249 -2,345 2,017
22,274 -2,730 2,430
22,299 -3,045 2,867
22,324 -3,395 3,208
22,349 -3,745 3,548
22,374 -3,990 3,888
22,399 -4,200 4,131
22,424 -4,480 4,374
22,449 -4,550 4,471
22,474 -4,690 4,666
22,499 -4,725 4,690
22,524 -4,725 4,739
22,549 -4,585 4,714
22,574 -4,550 4,617
22,599 -4,235 4,520
22,624 -4,060 4,350
22,649 -3,780 4,107
22,674 -3,535 3,815
22,699 -3,185 3,475
22,724 -2,940 3,183
22,749 -2,415 2,819
22,774 -2,100 2,479
22,799 -1,610 1,968
22,824 -1,155 1,604
22,849 -0,770 1,118
22,874 -0,315 0,705
22,899 0,245 0,243
22,924 0,490 -0,121
22,949 1,015 -0,607
22,974 1,330 -0,899
22,999 1,645 -1,288
23,024 2,030 -1,604
23,049 2,345 -1,920
23,074 2,660 -2,090
23,099 2,800 -2,381
23,124 2,940 -2,551
23,149 3,080 -2,673
23,174 3,115 -2,697
23,199 3,115 -2,819
23,224 2,975 -2,770
23,249 2,905 -2,697
23,274 2,800 -2,600
23,299 2,555 -2,454
23,324 2,415 -2,211
23,349 2,135 -1,944
23,374 1,750 -1,628
23,399 1,365 -1,312
23,424 0,980 -0,948
23,449 0,630 -0,583
23,474 0,105 -0,194
23,499 -0,280 0,194
23,524 -0,700 0,607
23,549 -1,085 1,093
23,574 -1,610 1,458
23,599 -2,030 1,895
23,624 -2,485 2,333
23,649 -2,905 2,746
23,674 -3,325 3,110
23,699 -3,605 3,402
23,724 -3,955 3,718
23,749 -4,130 3,985
23,774 -4,270 4,204
23,799 -4,550 4,350
23,824 -4,690 4,447
23,849 -4,760 4,544
23,874 -4,795 4,593
23,899 -4,725 4,593
23,924 -4,655 4,520
23,949 -4,515 4,423
23,974 -4,340 4,228
23,999 -4,060 3,985
24,024 -3,780 3,766
24,049 -3,535 3,475
24,074 -3,255 3,159
24,099 -2,905 2,746
24,124 -2,520 2,406
24,149 -2,030 1,944
24,174 -1,610 1,531
24,199 -1,120 1,093
24,224 -0,770 0,729
24,249 -0,245 0,243
24,274 0,140 -0,146
24,299 0,560 -0,559
24,324 0,875 -0,875
24,349 1,435 -1,264
24,374 1,680 -1,555
24,399 2,030 -1,871
24,424 2,345 -2,090
24,449 2,695 -2,308
24,474 2,765 -2,503
24,499 2,940 -2,624
24,524 3,115 -2,673
24,549 3,115 -2,722
24,574 3,150 -2,649
24,599 3,080 -2,649
24,624 2,905 -2,503
24,649 2,765 -2,333
24,674 2,660 -2,163
24,699 2,380 -1,944
24,724 2,030 -1,604
