0,025 -1,995 -1,993
0,050 -2,485 -1,385
0,075 -2,100 -0,729
0,100 -1,470 0,073
0,125 -0,735 0,899
0,150 0,035 1,677
0,175 0,840 2,503
0,200 1,400 3,256
0,225 2,100 4,034
0,250 2,870 4,739
0,275 3,535 5,370
0,300 4,025 6,051
0,325 4,585 6,658
0,350 5,075 7,144
0,375 5,530 7,606
0,400 5,915 8,043
0,425 6,195 8,383
0,450 6,335 8,627
0,475 6,650 8,845
0,500 6,685 8,991
0,525 6,755 9,064
0,550 6,790 9,015
0,575 6,685 8,870
0,600 6,405 8,675
0,625 6,195 8,432
0,650 5,775 8,140
0,675 5,565 7,679
0,700 5,075 7,314
0,725 4,550 6,731
0,750 3,955 6,196
0,775 3,360 5,540
0,800 2,660 4,884
0,825 2,030 4,155
0,850 1,295 3,402
0,875 0,630 2,600
0,900 -0,000 1,798
0,925 -0,770 1,021
0,950 -1,575 0,219
0,975 -2,240 -0,607
1,000 -2,870 -1,385
1,025 -3,500 -2,138
1,050 -4,130 -2,843
1,079 -4,865 -3,645
1,104 -5,425 -4,277
1,129 -5,915 -4,884
1,158 -6,440 -5,540
1,183 -6,860 -5,978
1,210 -7,245 -6,415
1,235 -7,490 -6,755
1,262 -7,770 -6,998
1,287 -7,875 -7,217
1,312 -8,015 -7,266
1,337 -7,980 -7,339
1,366 -7,980 -7,266
1,391 -7,735 -7,047
1,416 -7,595 -6,901
1,441 -7,315 -6,610
1,466 -7,105 -6,294
1,491 -6,685 -5,832
1,516 -6,265 -5,322
1,541 -5,810 -4,763
1,566 -5,285 -4,131
1,591 -4,655 -3,499
1,616 -4,060 -2,843
1,641 -3,465 -2,090
1,666 -2,765 -1,312
1,691 -2,100 -0,535
1,716 -1,365 0,243
1,741 -0,770 1,045
1,767 0,035 1,871
1,792 0,805 2,697
1,818 1,540 3,475
1,843 2,170 4,180
1,868 2,870 4,836
1,893 3,500 5,565
1,920 4,095 6,221
1,945 4,655 6,828
1,972 5,145 7,387
1,997 5,600 7,825
2,023 6,020 8,262
2,048 6,265 8,505
2,073 6,510 8,772
2,098 6,685 8,870
2,123 6,755 8,967
2,148 6,790 8,967
2,173 6,685 8,918
2,198 6,580 8,748
2,223 6,370 8,602
2,248 6,125 8,311
2,273 5,845 7,922
2,298 5,425 7,460
2,323 4,935 6,950
2,348 4,375 6,439
2,373 3,780 5,856
2,398 3,185 5,152
2,423 2,520 4,495
2,448 1,960 3,718
2,473 1,155 2,965
2,498 0,455 2,187
2,523 -0,210 1,409
2,548 -1,015 0,632
2,573 -1,645 -0,146
2,598 -2,380 -0,972
2,623 -3,080 -1,725
2,648 -3,745 -2,479
2,673 -4,340 -3,208
2,698 -4,900 -3,888
2,723 -5,425 -4,544
2,748 -5,950 -5,054
2,773 -6,475 -5,613
2,798 -6,860 -6,051
2,823 -7,175 -6,415
2,848 -7,420 -6,731
2,873 -7,735 -6,974
2,898 -7,805 -7,168
2,923 -7,910 -7,314
2,948 -7,910 -7,290
2,973 -7,945 -7,266
2,998 -7,875 -7,120
3,023 -7,770 -6,950
3,048 -7,455 -6,634
3,073 -7,070 -6,221
3,098 -6,825 -5,881
3,123 -6,370 -5,419
3,148 -5,950 -4,811
3,173 -5,495 -4,204
3,198 -4,900 -3,621
3,223 -4,375 -2,940
3,248 -3,780 -2,211
3,273 -3,080 -1,409
3,298 -2,345 -0,680
3,323 -1,575 0,073
3,348 -0,910 0,923
3,374 -0,140 1,701
3,399 0,525 2,479
3,424 1,190 3,280
3,449 1,855 4,058
3,475 2,660 4,836
3,500 3,325 5,419
3,525 3,885 6,099
3,551 4,410 6,682
3,576 5,005 7,193
3,601 5,355 7,703
3,626 5,845 8,068
3,653 6,195 8,432
3,678 6,510 8,651
3,703 6,615 8,845
3,728 6,860 8,918
3,754 6,860 8,967
3,779 6,790 8,942
3,804 6,615 8,772
3,829 6,405 8,578
3,856 6,195 8,311
3,881 5,880 7,873
3,906 5,460 7,509
3,931 5,005 6,998
3,958 4,480 6,439
3,983 3,920 5,783
4,008 3,430 5,127
4,033 2,730 4,423
4,058 2,030 3,718
4,083 1,330 3,013
4,108 0,630 2,211
4,133 -0,070 1,482
4,158 -0,770 0,656
4,183 -1,610 -0,097
4,208 -2,205 -0,899
4,233 -2,800 -1,677
4,258 -3,535 -2,430
4,283 -4,270 -3,110
4,308 -4,830 -3,791
4,333 -5,320 -4,423
4,358 -5,880 -5,054
4,383 -6,300 -5,540
4,408 -6,790 -5,978
4,433 -7,105 -6,391
4,458 -7,490 -6,707
4,483 -7,630 -6,901
4,508 -7,945 -7,071
4,533 -7,980 -7,168
4,558 -7,980 -7,217
4,583 -7,945 -7,217
4,608 -7,910 -7,023
4,633 -7,805 -6,828
4,658 -7,560 -6,634
4,683 -7,245 -6,245
4,708 -6,895 -5,832
4,733 -6,510 -5,297
4,758 -6,020 -4,811
4,783 -5,600 -4,252
4,808 -5,180 -3,572
4,833 -4,445 -2,916
4,858 -3,815 -2,211
4,883 -3,115 -1,482
4,908 -2,415 -0,753
4,933 -1,680 0,073
4,958 -0,980 0,899
4,983 -0,315 1,628
5,008 0,420 2,430
5,033 1,155 3,208
5,059 1,855 4,010
5,084 2,450 4,666
5,109 3,115 5,297
5,134 3,815 5,954
5,159 4,270 6,585
5,184 4,935 7,047
5,209 5,355 7,460
5,234 5,705 7,946
5,259 6,195 8,286
5,284 6,405 8,554
5,309 6,510 8,724
5,334 6,755 8,845
5,359 6,790 8,894
5,384 6,755 8,797
5,409 6,720 8,772
5,434 6,580 8,529
5,459 6,370 8,286
5,484 6,090 7,970
5,509 5,635 7,533
5,534 5,250 7,047
5,559 4,795 6,561
5,584 4,270 5,978
5,609 3,675 5,419
5,634 3,045 4,690
5,660 2,275 4,082
5,685 1,610 3,305
5,710 0,980 2,527
5,735 0,175 1,725
5,760 -0,525 0,972
5,785 -1,260 0,194
5,810 -1,995 -0,559
5,835 -2,590 -1,337
5,860 -3,325 -2,041
5,885 -4,060 -2,794
5,910 -4,585 -3,548
5,935 -5,180 -4,155
5,960 -5,810 -4,666
5,985 -6,160 -5,249
6,010 -6,615 -5,662
6,035 -7,105 -6,099
6,060 -7,350 -6,464
6,085 -7,595 -6,780
6,110 -7,875 -6,925
6,135 -7,945 -7,047
6,160 -8,085 -7,096
6,185 -8,015 -7,144
6,210 -7,980 -7,047
6,235 -7,875 -6,828
6,261 -7,665 -6,512
6,286 -7,385 -6,269
6,311 -7,105 -5,881
6,336 -6,790 -5,443
6,361 -6,335 -4,933
6,386 -5,775 -4,423
6,411 -5,320 -3,815
6,436 -4,690 -3,159
6,461 -4,130 -2,479
6,486 -3,465 -1,750
6,511 -2,800 -0,996
6,536 -1,995 -0,219
6,561 -1,365 0,607
6,586 -0,665 1,337
6,611 0,140 2,163
6,636 0,840 2,843
6,662 1,540 3,694
6,687 2,275 4,350
6,712 2,905 5,006
6,737 3,570 5,662
6,762 4,165 6,245
6,787 4,865 6,780
6,812 5,145 7,241
6,837 5,635 7,654
6,863 6,055 8,092
6,888 6,335 8,335
6,913 6,580 8,554
6,938 6,755 8,627
6,963 6,895 8,772
6,988 6,860 8,724
7,013 6,720 8,651
7,038 6,615 8,505
7,064 6,440 8,262
7,089 6,160 7,970
7,114 5,845 7,582
7,139 5,390 7,217
7,164 4,970 6,707
7,189 4,410 6,148
7,214 3,850 5,565
7,239 3,220 4,957
7,265 2,625 4,204
7,290 1,820 3,499
7,315 1,190 2,770
7,340 0,385 2,017
7,365 -0,210 1,264
7,390 -1,015 0,437
7,415 -1,680 -0,340
7,440 -2,450 -1,045
7,466 -3,115 -1,823
7,491 -3,885 -2,527
7,516 -4,515 -3,256
7,541 -5,040 -3,839
7,566 -5,600 -4,447
7,591 -6,125 -4,957
7,616 -6,475 -5,419
7,641 -7,000 -5,808
7,668 -7,280 -6,245
7,693 -7,560 -6,512
7,718 -7,770 -6,804
7,743 -7,980 -6,974
7,768 -8,085 -7,047
7,793 -8,085 -6,974
7,818 -7,980 -6,950
7,843 -7,910 -6,804
7,869 -7,735 -6,561
7,894 -7,525 -6,294
7,919 -7,245 -5,929
7,944 -6,790 -5,516
7,969 -6,370 -5,006
7,994 -5,880 -4,471
8,019 -5,355 -3,839
8,044 -4,725 -3,232
8,070 -4,235 -2,576
8,095 -3,570 -1,847
8,120 -2,870 -1,118
8,145 -2,135 -0,340
8,170 -1,400 0,437
8,195 -0,665 1,166
8,220 0,070 1,920
8,245 0,735 2,697
8,270 1,470 3,499
8,295 2,275 4,107
8,320 2,765 4,836
8,345 3,570 5,395
8,370 4,130 6,026
8,395 4,585 6,561
8,420 5,075 7,071
8,445 5,495 7,460
8,470 5,950 7,873
8,495 6,335 8,189
8,520 6,580 8,408
8,545 6,720 8,529
8,572 6,930 8,675
8,597 6,895 8,602
8,622 6,825 8,627
8,647 6,650 8,481
8,672 6,405 8,262
8,697 6,160 7,946
8,722 5,915 7,703
8,747 5,460 7,266
8,772 5,005 6,780
8,797 4,445 6,269
8,823 3,850 5,686
8,848 3,360 5,006
8,873 2,660 4,423
8,898 1,960 3,742
8,923 1,260 2,940
8,948 0,525 2,138
8,973 -0,280 1,385
8,998 -0,910 0,680
9,023 -1,680 -0,049
9,048 -2,275 -0,802
9,074 -3,150 -1,579
9,099 -3,710 -2,284
9,124 -4,375 -3,013
9,149 -5,005 -3,669
9,174 -5,635 -4,277
9,199 -6,090 -4,763
9,224 -6,510 -5,273
9,249 -7,000 -5,710
9,274 -7,350 -6,099
9,299 -7,630 -6,391
9,326 -7,805 -6,682
9,351 -7,945 -6,828
9,376 -8,050 -6,974
9,401 -8,155 -6,950
9,426 -8,050 -6,901
9,451 -7,910 -6,804
9,476 -7,770 -6,634
9,501 -7,525 -6,342
9,526 -7,245 -6,002
9,552 -6,790 -5,565
9,577 -6,475 -5,152
9,602 -6,020 -4,617
9,627 -5,460 -4,058
9,652 -4,900 -3,402
9,677 -4,200 -2,794
9,702 -3,675 -2,041
9,727 -2,940 -1,337
9,752 -2,240 -0,559
9,777 -1,470 0,146
9,806 -0,665 0,996
9,831 0,140 1,823
9,856 0,875 2,527
9,881 1,575 3,305
9,906 2,205 3,937
9,931 2,870 4,714
9,956 3,465 5,346
9,981 4,165 5,905
10,006 4,690 6,464
10,031 5,215 6,950
10,056 5,600 7,363
10,081 5,985 7,776
10,106 6,370 8,140
10,131 6,615 8,408
10,156 6,755 8,578
10,182 6,860 8,675
10,207 6,965 8,627
10,232 6,860 8,602
10,257 6,720 8,408
10,282 6,475 8,286
10,307 6,160 8,019
10,332 5,880 7,679
10,357 5,390 7,314
10,382 4,970 6,877
10,407 4,480 6,342
10,432 3,955 5,856
10,457 3,360 5,176
10,482 2,660 4,568
10,507 2,030 3,864
10,532 1,190 3,135
10,559 0,525 2,381
10,584 -0,140 1,604
10,609 -0,980 0,826
10,634 -1,645 0,024
10,659 -2,415 -0,656
10,684 -3,080 -1,458
10,709 -3,675 -2,138
10,734 -4,340 -2,843
10,759 -4,970 -3,475
10,784 -5,530 -4,131
10,809 -6,055 -4,641
10,834 -6,510 -5,176
10,859 -6,860 -5,613
10,884 -7,245 -6,026
10,909 -7,490 -6,318
10,934 -7,770 -6,634
10,959 -7,945 -6,780
10,984 -7,980 -6,925
11,009 -8,085 -6,925
11,034 -8,015 -6,901
11,059 -7,875 -6,780
11,084 -7,735 -6,682
11,109 -7,595 -6,415
11,134 -7,175 -6,075
11,159 -6,930 -5,686
11,184 -6,405 -5,322
11,209 -5,880 -4,763
11,234 -5,460 -4,228
11,259 -4,900 -3,621
11,284 -4,340 -2,965
11,309 -3,710 -2,260
11,334 -3,045 -1,555
11,359 -2,345 -0,850
11,384 -1,575 -0,121
11,409 -0,840 0,680
11,434 -0,070 1,434
11,459 0,630 2,187
11,484 1,330 2,892
11,509 1,995 3,645
11,534 2,800 4,350
11,559 3,325 4,981
11,584 3,955 5,613
11,609 4,445 6,196
11,634 4,935 6,731
11,659 5,460 7,193
11,684 5,915 7,582
11,709 6,160 7,995
11,734 6,475 8,213
11,759 6,650 8,408
11,784 6,860 8,554
11,809 6,860 8,651
11,834 6,720 8,602
11,859 6,720 8,554
11,884 6,510 8,456
11,909 6,230 8,189
11,934 6,020 7,825
11,959 5,600 7,533
11,984 5,180 7,193
12,009 4,620 6,634
12,034 4,025 6,099
12,059 3,430 5,492
12,084 2,835 4,884
12,109 2,170 4,228
12,134 1,505 3,499
12,159 0,805 2,770
12,184 0,105 1,993
12,209 -0,630 1,239
12,234 -1,330 0,535
12,259 -2,030 -0,219
12,284 -2,730 -0,996
12,309 -3,465 -1,774
12,334 -4,060 -2,454
12,359 -4,620 -3,159
12,384 -5,180 -3,742
12,409 -5,670 -4,325
12,434 -6,195 -4,933
12,459 -6,650 -5,346
12,484 -7,035 -5,856
12,509 -7,490 -6,148
12,534 -7,665 -6,488
12,559 -7,875 -6,731
12,584 -8,015 -6,853
12,609 -8,015 -6,950
12,634 -7,980 -7,023
12,659 -7,910 -6,925
12,684 -7,770 -6,780
12,709 -7,525 -6,585
12,734 -7,210 -6,342
12,759 -6,965 -5,978
12,784 -6,545 -5,565
12,809 -6,125 -5,079
12,834 -5,635 -4,568
12,859 -5,180 -3,985
12,884 -4,550 -3,329
12,909 -3,955 -2,649
12,934 -3,325 -2,041
12,959 -2,625 -1,264
12,984 -1,890 -0,535
13,009 -1,225 0,243
13,034 -0,525 0,996
13,060 0,280 1,847
13,085 0,980 2,576
13,110 1,680 3,305
13,135 2,380 4,034
13,160 2,905 4,714
13,185 3,570 5,370
13,210 4,025 5,905
13,235 4,725 6,512
13,260 5,180 6,998
13,285 5,635 7,460
13,310 5,950 7,873
13,335 6,230 8,140
13,360 6,475 8,408
13,385 6,615 8,554
13,410 6,615 8,699
13,435 6,685 8,699
13,460 6,510 8,627
13,485 6,440 8,505
13,510 6,230 8,383
13,535 6,020 8,043
13,560 5,670 7,800
13,585 5,215 7,387
13,610 4,830 6,925
13,635 4,270 6,391
13,660 3,745 5,832
13,685 3,115 5,249
13,710 2,380 4,641
13,735 1,785 3,888
13,760 1,050 3,208
13,785 0,385 2,406
13,810 -0,385 1,677
13,835 -1,015 0,923
13,860 -1,785 0,146
13,885 -2,485 -0,680
13,910 -3,080 -1,409
13,935 -3,745 -2,090
13,960 -4,340 -2,794
13,985 -4,900 -3,499
14,010 -5,530 -3,985
14,035 -5,985 -4,690
14,060 -6,440 -5,127
14,085 -6,755 -5,662
14,110 -7,210 -5,978
14,135 -7,525 -6,391
14,160 -7,735 -6,634
14,185 -7,770 -6,877
14,210 -7,945 -6,998
14,235 -7,910 -7,023
14,260 -7,875 -6,998
14,285 -7,805 -6,925
14,310 -7,560 -6,707
14,335 -7,350 -6,439
14,360 -7,105 -6,172
14,385 -6,650 -5,808
14,410 -6,335 -5,322
14,435 -5,810 -4,860
14,460 -5,355 -4,252
14,485 -4,760 -3,694
14,510 -4,235 -3,062
14,535 -3,570 -2,381
14,560 -2,870 -1,652
14,585 -2,275 -0,899
14,610 -1,575 -0,146
14,635 -0,875 0,632
14,660 -0,175 1,409
14,685 0,560 2,187
14,710 1,295 2,965
14,735 1,995 3,694
14,760 2,695 4,398
14,785 3,255 5,006
14,810 3,850 5,686
14,835 4,410 6,245
14,860 4,830 6,804
14,885 5,285 7,266
14,910 5,670 7,703
14,935 5,985 8,019
14,960 6,195 8,286
14,985 6,405 8,554
15,010 6,475 8,699
15,035 6,580 8,748
15,061 6,650 8,724
15,086 6,475 8,627
15,111 6,230 8,505
15,136 5,985 8,262
15,161 5,670 7,970
15,186 5,355 7,606
15,211 4,935 7,193
15,236 4,375 6,682
15,261 3,885 6,172
15,286 3,325 5,540
15,311 2,765 4,933
15,336 2,030 4,204
15,361 1,365 3,523
15,386 0,735 2,746
15,411 0,035 2,017
15,436 -0,630 1,215
15,461 -1,400 0,486
15,486 -2,100 -0,243
15,511 -2,730 -1,021
15,536 -3,430 -1,774
15,562 -4,095 -2,503
15,587 -4,655 -3,208
15,612 -5,180 -3,839
15,637 -5,670 -4,423
15,662 -6,090 -4,981
15,687 -6,545 -5,540
15,712 -6,930 -5,929
15,737 -7,140 -6,269
15,762 -7,490 -6,512
15,787 -7,560 -6,804
15,812 -7,700 -6,950
15,837 -7,805 -7,023
15,862 -7,805 -7,047
15,887 -7,700 -6,998
15,912 -7,560 -6,828
15,937 -7,350 -6,610
15,962 -7,175 -6,294
15,987 -6,860 -6,026
16,012 -6,475 -5,565
16,037 -6,020 -5,103
16,062 -5,495 -4,520
16,087 -4,935 -3,985
16,112 -4,410 -3,329
16,137 -3,885 -2,673
16,162 -3,255 -1,944
16,187 -2,590 -1,166
16,212 -1,995 -0,413
16,237 -1,190 0,292
16,262 -0,525 1,045
16,287 0,140 1,847
16,312 0,840 2,624
16,337 1,505 3,402
16,362 2,240 4,107
16,387 2,870 4,739
16,412 3,395 5,419
16,437 3,955 6,002
16,462 4,375 6,634
16,487 4,900 7,071
16,512 5,355 7,533
16,537 5,880 7,897
16,562 6,055 8,213
16,587 6,405 8,456
16,612 6,440 8,627
16,637 6,510 8,675
16,662 6,545 8,724
16,687 6,475 8,724
16,712 6,195 8,627
16,737 6,055 8,408
16,762 5,880 8,140
16,787 5,600 7,776
16,812 5,250 7,411
16,837 4,690 6,925
16,862 4,235 6,391
16,887 3,640 5,832
16,912 2,975 5,224
16,937 2,520 4,495
16,962 1,855 3,839
16,987 1,120 3,110
17,012 0,385 2,308
17,037 -0,210 1,507
17,062 -0,945 0,802
17,087 -1,610 -0,049
17,112 -2,345 -0,753
17,137 -2,975 -1,507
17,162 -3,710 -2,211
17,187 -4,200 -2,940
17,212 -4,725 -3,499
17,237 -5,320 -4,228
17,262 -5,845 -4,787
17,287 -6,335 -5,273
17,312 -6,650 -5,783
17,337 -6,895 -6,148
17,362 -7,175 -6,439
17,387 -7,385 -6,707
17,412 -7,630 -6,901
17,437 -7,770 -7,047
17,462 -7,840 -7,071
17,487 -7,735 -7,023
17,512 -7,595 -6,901
17,537 -7,420 -6,731
17,562 -7,280 -6,488
17,587 -7,000 -6,221
17,612 -6,685 -5,759
17,637 -6,230 -5,346
17,662 -5,810 -4,787
17,687 -5,250 -4,252
17,712 -4,795 -3,596
17,737 -4,165 -2,965
17,762 -3,605 -2,236
17,787 -2,940 -1,531
17,812 -2,345 -0,753
17,837 -1,645 -0,073
17,862 -0,945 0,753
17,887 -0,210 1,531
17,912 0,350 2,308
17,937 1,120 3,062
17,962 1,715 3,766
17,987 2,450 4,398
18,012 2,975 5,127
18,037 3,605 5,759
18,062 4,095 6,342
18,087 4,760 6,901
18,112 5,215 7,387
18,137 5,600 7,752
18,162 5,915 8,092
18,187 6,090 8,335
18,212 6,300 8,578
18,237 6,545 8,651
18,262 6,580 8,772
18,287 6,440 8,772
18,312 6,370 8,627
18,337 6,300 8,481
18,362 6,055 8,286
18,387 5,775 7,873
18,412 5,390 7,533
18,437 4,935 7,144
18,462 4,445 6,610
18,487 4,025 6,026
18,512 3,360 5,492
18,537 2,870 4,860
18,562 2,205 4,107
18,587 1,575 3,402
18,612 0,840 2,673
18,637 0,210 1,895
18,662 -0,455 1,142
18,687 -1,120 0,389
18,712 -1,890 -0,364
18,737 -2,485 -1,215
18,762 -3,220 -1,895
18,787 -3,780 -2,649
18,812 -4,480 -3,280
18,837 -5,040 -3,912
18,862 -5,600 -4,495
18,887 -5,950 -5,030
18,912 -6,370 -5,492
18,937 -6,755 -5,929
18,962 -7,105 -6,269
18,987 -7,315 -6,561
19,012 -7,525 -6,780
19,037 -7,630 -6,901
19,062 -7,770 -6,998
19,087 -7,875 -6,998
19,112 -7,805 -6,925
19,137 -7,630 -6,780
19,162 -7,385 -6,512
19,187 -7,035 -6,294
19,212 -6,755 -5,954
19,237 -6,580 -5,492
19,262 -6,125 -5,006
19,287 -5,530 -4,471
19,312 -5,145 -3,864
19,337 -4,585 -3,232
19,362 -3,955 -2,527
19,387 -3,325 -1,847
19,412 -2,765 -1,118
19,437 -2,065 -0,340
19,462 -1,400 0,389
19,487 -0,630 1,215
19,512 -0,000 1,968
19,537 0,805 2,746
19,562 1,400 3,426
19,587 2,100 4,204
19,612 2,730 4,884
19,637 3,325 5,467
19,662 3,850 6,099
19,687 4,375 6,658
19,712 4,830 7,168
19,737 5,390 7,557
19,762 5,705 7,922
19,787 6,055 8,140
19,812 6,125 8,408
19,837 6,370 8,627
19,862 6,510 8,724
19,887 6,475 8,675
19,912 6,510 8,651
19,937 6,475 8,505
19,962 6,230 8,262
19,987 5,915 7,995
20,012 5,530 7,703
20,037 5,250 7,193
20,062 4,795 6,804
20,087 4,340 6,245
20,112 3,780 5,638
20,137 3,185 5,030
20,162 2,450 4,398
20,187 1,855 3,669
20,212 1,295 3,013
20,237 0,630 2,236
20,262 -0,105 1,482
20,287 -0,805 0,705
20,312 -1,540 -0,073
20,337 -2,135 -0,778
20,362 -2,835 -1,555
20,387 -3,430 -2,284
20,412 -4,060 -2,940
20,437 -4,655 -3,596
20,462 -5,215 -4,204
20,487 -5,740 -4,763
20,512 -6,195 -5,273
20,537 -6,510 -5,710
20,562 -6,895 -6,099
20,587 -7,245 -6,415
20,612 -7,490 -6,658
20,637 -7,525 -6,755
20,662 -7,770 -6,877
20,687 -7,735 -6,974
20,712 -7,700 -6,877
20,737 -7,595 -6,804
20,762 -7,490 -6,610
20,787 -7,280 -6,294
20,812 -7,000 -5,978
20,837 -6,685 -5,638
20,862 -6,335 -5,176
20,887 -5,985 -4,666
20,912 -5,425 -4,107
20,937 -4,900 -3,499
20,962 -4,375 -2,843
20,987 -3,745 -2,187
21,012 -3,045 -1,458
21,037 -2,450 -0,680
21,062 -1,715 0,073
21,087 -1,120 0,850
21,112 -0,420 1,628
21,137 0,315 2,357
21,162 0,945 3,159
21,187 1,750 3,815
21,212 2,380 4,447
21,237 3,045 5,127
21,262 3,570 5,759
21,287 4,200 6,294
21,312 4,655 6,901
21,337 5,110 7,290
21,362 5,530 7,654
21,387 5,845 7,995
21,412 6,055 8,262
21,437 6,265 8,432
21,462 6,440 8,554
21,487 6,545 8,602
21,512 6,580 8,578
21,537 6,510 8,505
21,562 6,300 8,286
21,587 6,090 8,043
21,612 5,810 7,752
21,637 5,495 7,363
21,662 5,040 6,974
21,687 4,690 6,391
21,712 4,095 5,881
21,737 3,605 5,297
21,762 2,870 4,641
21,787 2,310 4,010
21,812 1,715 3,329
21,837 1,050 2,551
21,862 0,280 1,847
21,887 -0,420 1,021
21,912 -1,225 0,316
21,937 -1,890 -0,462
21,962 -2,590 -1,142
21,987 -3,150 -1,847
22,012 -3,815 -2,503
22,037 -4,375 -3,256
22,062 -4,935 -3,815
22,087 -5,460 -4,374
22,112 -5,985 -4,933
22,137 -6,440 -5,443
22,162 -6,895 -5,783
22,187 -7,105 -6,148
22,212 -7,455 -6,415
22,237 -7,560 -6,634
22,262 -7,700 -6,755
22,287 -7,770 -6,853
22,312 -7,735 -6,828
22,337 -7,735 -6,755
22,362 -7,665 -6,561
22,387 -7,350 -6,367
22,412 -7,210 -6,051
22,437 -6,930 -5,759
22,462 -6,580 -5,370
22,487 -6,125 -4,884
22,512 -5,670 -4,277
22,537 -5,320 -3,718
22,562 -4,725 -3,037
22,587 -4,130 -2,479
22,612 -3,535 -1,750
22,637 -2,835 -1,045
22,662 -2,170 -0,316
22,687 -1,365 0,462
22,712 -0,770 1,239
22,737 0,070 1,968
22,762 0,700 2,697
22,787 1,400 3,402
22,812 2,065 4,107
22,837 2,695 4,763
22,862 3,325 5,370
22,887 3,850 5,929
22,912 4,480 6,512
22,937 4,970 6,925
22,962 5,320 7,411
22,987 5,670 7,727
23,012 5,845 8,043
23,037 6,195 8,238
23,063 6,440 8,432
23,088 6,580 8,481
23,113 6,580 8,505
23,138 6,545 8,408
23,163 6,440 8,262
23,188 6,300 8,068
23,213 6,020 7,800
23,238 5,705 7,533
23,263 5,285 7,120
23,288 4,865 6,610
23,313 4,270 6,099
23,338 3,780 5,516
23,363 3,185 4,957
23,388 2,625 4,277
23,413 1,995 3,596
23,438 1,330 2,892
23,463 0,630 2,163
23,488 -0,175 1,458
23,513 -0,840 0,680
23,538 -1,470 -0,097
23,563 -2,275 -0,778
23,588 -2,835 -1,482
23,613 -3,570 -2,211
23,638 -4,165 -2,892
23,663 -4,725 -3,499
23,688 -5,215 -4,034
23,713 -5,705 -4,568
23,738 -6,195 -5,079
23,763 -6,580 -5,565
23,788 -7,000 -5,954
23,813 -7,350 -6,221
23,838 -7,490 -6,464
23,863 -7,700 -6,634
23,888 -7,805 -6,682
23,913 -7,840 -6,707
23,938 -7,735 -6,682
23,963 -7,735 -6,512
23,988 -7,630 -6,367
24,013 -7,420 -6,124
24,038 -7,140 -5,856
24,063 -6,790 -5,467
24,088 -6,405 -5,030
24,113 -6,090 -4,471
24,138 -5,530 -3,961
24,163 -5,005 -3,329
24,188 -4,340 -2,722
24,213 -3,745 -2,090
24,238 -3,080 -1,361
24,263 -2,520 -0,632
24,288 -1,820 0,073
24,313 -1,120 0,850
24,338 -0,280 1,531
24,363 0,385 2,284
24,388 1,050 3,013
24,413 1,785 3,718
24,438 2,555 4,374
24,463 3,115 5,030
24,488 3,710 5,565
24,513 4,200 6,099
24,538 4,725 6,634
24,563 5,215 7,096
24,588 5,635 7,460
24,613 5,915 7,825
24,638 6,230 8,019
24,663 6,405 8,262
24,688 6,580 8,383
24,713 6,615 8,456
24,738 6,685 8,383
24,763 6,510 8,311
24,788 6,335 8,116
24,813 6,090 7,922
24,838 5,845 7,630
24,863 5,530 7,266
24,888 5,110 6,828
24,913 4,550 6,367
24,938 3,990 5,832
24,963 3,395 5,273
24,988 2,870 4,641
25,013 2,170 4,034
25,038 1,470 3,329
25,063 0,875 2,624
25,088 0,245 1,871
25,113 -0,455 1,118
25,138 -1,190 0,340
25,163 -1,960 -0,340
25,188 -2,485 -1,021
25,213 -3,290 -1,774
25,238 -3,990 -2,527
25,263 -4,585 -3,110
25,288 -5,075 -3,718
25,313 -5,565 -4,277
25,338 -5,985 -4,811
25,363 -6,475 -5,224
25,388 -6,860 -5,613
25,413 -7,175 -6,002
25,438 -7,385 -6,318
25,463 -7,630 -6,415
25,488 -7,805 -6,610
25,513 -7,840 -6,658
25,538 -7,805 -6,682
25,563 -7,805 -6,634
25,588 -7,700 -6,512
25,613 -7,455 -6,221
25,638 -7,280 -6,002
25,663 -6,895 -5,613
25,688 -6,510 -5,273
25,713 -6,160 -4,787
25,738 -5,670 -4,325
25,763 -5,110 -3,694
25,788 -4,515 -3,110
25,813 -3,955 -2,479
25,838 -3,255 -1,823
25,863 -2,660 -1,093
25,888 -1,960 -0,340
25,913 -1,260 0,389
25,938 -0,595 1,166
25,963 0,105 1,871
25,988 0,805 2,503
26,013 1,435 3,305
26,038 2,240 3,912
26,063 2,870 4,617
26,088 3,430 5,224
26,113 4,025 5,735
26,138 4,550 6,318
26,163 4,970 6,780
26,188 5,390 7,217
26,213 5,775 7,582
26,238 6,020 7,849
26,263 6,265 8,092
26,288 6,545 8,262
26,313 6,475 8,335
26,338 6,615 8,359
26,363 6,545 8,408
26,388 6,370 8,213
26,413 6,125 8,068
26,438 5,950 7,776
26,463 5,600 7,436
26,488 5,250 7,047
26,513 4,830 6,658
26,538 4,340 6,172
26,563 3,675 5,613
26,588 3,150 4,957
26,613 2,485 4,398
26,638 1,820 3,694
26,663 1,120 3,013
26,688 0,525 2,333
26,713 -0,315 1,604
26,738 -0,980 0,802
26,763 -1,645 0,097
26,788 -2,380 -0,632
26,813 -3,080 -1,288
26,838 -3,675 -1,993
26,863 -4,375 -2,722
26,888 -4,830 -3,353
26,913 -5,320 -3,888
26,938 -5,845 -4,423
26,963 -6,300 -4,909
26,988 -6,650 -5,370
27,013 -6,965 -5,662
27,038 -7,245 -6,075
27,063 -7,490 -6,318
27,088 -7,665 -6,512
27,113 -7,735 -6,610
27,138 -7,805 -6,707
27,163 -7,770 -6,634
27,188 -7,665 -6,512
27,213 -7,595 -6,318
27,238 -7,385 -6,124
27,263 -7,105 -5,783
27,288 -6,720 -5,492
27,313 -6,265 -5,079
27,338 -5,810 -4,593
27,363 -5,355 -4,034
27,388 -4,760 -3,475
27,413 -4,165 -2,867
27,438 -3,500 -2,236
27,463 -2,940 -1,458
27,488 -2,275 -0,802
27,513 -1,575 -0,073
27,538 -0,910 0,632
27,563 -0,175 1,361
27,588 0,490 2,138
27,613 1,085 2,794
27,638 1,820 3,548
27,663 2,485 4,228
27,688 3,150 4,860
27,713 3,675 5,492
27,738 4,235 6,026
27,763 4,795 6,488
27,788 5,250 6,974
27,813 5,530 7,411
27,838 5,950 7,679
27,863 6,265 8,019
27,888 6,475 8,165
27,913 6,615 8,359
27,938 6,615 8,408
27,963 6,440 8,408
27,988 6,370 8,286
28,013 6,265 8,165
28,038 6,055 7,970
28,063 5,705 7,703
28,088 5,460 7,314
28,113 4,935 6,925
28,138 4,445 6,415
28,163 3,920 5,929
28,188 3,360 5,395
28,213 2,765 4,787
28,238 2,100 4,131
28,263 1,470 3,426
28,288 0,770 2,673
28,313 0,035 2,017
28,338 -0,665 1,288
28,363 -1,330 0,559
28,388 -1,995 -0,194
28,413 -2,625 -0,899
28,438 -3,255 -1,628
28,463 -3,955 -2,284
28,488 -4,550 -2,965
28,513 -5,040 -3,548
28,538 -5,600 -4,155
28,563 -6,090 -4,714
28,588 -6,475 -5,152
28,613 -6,860 -5,589
28,638 -7,070 -5,978
28,663 -7,385 -6,196
28,688 -7,560 -6,488
28,713 -7,630 -6,561
28,738 -7,665 -6,682
28,763 -7,735 -6,682
28,788 -7,735 -6,610
28,813 -7,525 -6,439
28,838 -7,350 -6,342
28,863 -7,140 -6,002
28,888 -6,755 -5,686
28,913 -6,405 -5,297
28,938 -5,985 -4,909
28,963 -5,600 -4,374
28,988 -4,970 -3,815
29,013 -4,375 -3,183
29,038 -3,850 -2,600
29,064 -3,220 -1,920
29,089 -2,520 -1,191
29,114 -1,925 -0,437
29,139 -1,155 0,292
29,164 -0,455 1,021
29,189 0,210 1,774
29,214 0,910 2,527
29,239 1,540 3,183
29,264 2,205 3,888
29,289 2,905 4,520
29,314 3,395 5,152
29,339 4,025 5,735
29,364 4,515 6,318
29,389 4,970 6,731
29,414 5,320 7,217
29,439 5,740 7,582
29,464 5,985 7,897
29,489 6,230 8,140
29,514 6,370 8,238
29,539 6,405 8,359
29,564 6,335 8,408
29,589 6,335 8,383
29,614 6,160 8,262
29,639 6,055 8,068
29,664 5,740 7,825
29,689 5,460 7,509
29,714 5,005 7,168
29,739 4,585 6,707
29,764 4,025 6,245
29,789 3,465 5,686
29,814 2,940 5,127
29,839 2,345 4,447
29,864 1,680 3,815
29,889 1,085 3,086
29,914 0,420 2,381
29,939 -0,280 1,579
29,964 -1,015 0,899
29,989 -1,680 0,146
30,014 -2,380 -0,535
30,039 -2,975 -1,264
30,065 -3,675 -2,017
30,090 -4,270 -2,673
30,115 -4,830 -3,329
30,140 -5,355 -3,937
30,165 -5,775 -4,471
30,190 -6,160 -5,006
30,215 -6,615 -5,395
30,240 -6,825 -5,783
30,265 -7,245 -6,099
30,290 -7,455 -6,391
30,315 -7,595 -6,512
30,340 -7,665 -6,682
30,365 -7,665 -6,707
30,390 -7,560 -6,707
30,415 -7,525 -6,585
30,440 -7,385 -6,464
30,465 -7,105 -6,221
30,490 -6,790 -5,929
30,515 -6,475 -5,540
30,540 -6,090 -5,103
30,565 -5,635 -4,617
30,590 -5,145 -4,058
30,615 -4,620 -3,523
30,640 -4,130 -2,892
30,665 -3,500 -2,236
30,690 -2,800 -1,507
30,715 -2,205 -0,778
30,740 -1,610 -0,073
30,765 -0,840 0,680
30,790 -0,070 1,337
30,815 0,560 2,114
30,840 1,225 2,843
30,865 1,925 3,572
30,890 2,520 4,228
30,915 3,115 4,860
30,940 3,745 5,540
30,965 4,165 6,075
30,990 4,655 6,610
31,015 5,040 7,071
31,040 5,425 7,460
31,066 5,845 7,776
31,091 6,020 8,043
31,116 6,230 8,286
31,141 6,300 8,456
31,166 6,335 8,432
31,191 6,405 8,432
31,216 6,265 8,335
31,241 5,915 8,238
31,266 5,740 7,995
31,291 5,495 7,727
31,316 5,145 7,339
31,341 4,725 6,950
31,366 4,200 6,488
31,391 3,815 5,978
31,416 3,185 5,297
31,441 2,590 4,690
31,466 2,065 4,058
31,491 1,330 3,378
31,516 0,630 2,673
31,541 0,070 1,920
31,566 -0,700 1,191
31,591 -1,365 0,462
31,616 -2,100 -0,267
31,641 -2,695 -0,972
31,666 -3,360 -1,750
31,691 -3,885 -2,430
31,716 -4,480 -3,086
31,741 -5,005 -3,694
31,766 -5,425 -4,277
31,791 -5,985 -4,836
31,816 -6,370 -5,297
31,841 -6,650 -5,686
31,866 -6,965 -6,051
31,891 -7,210 -6,318
31,916 -7,350 -6,585
31,941 -7,490 -6,682
31,966 -7,595 -6,780
31,991 -7,595 -6,828
32,016 -7,490 -6,780
32,041 -7,315 -6,610
32,068 -7,070 -6,415
32,093 -6,965 -6,051
32,118 -6,615 -5,735
32,143 -6,195 -5,273
32,168 -5,845 -4,836
32,193 -5,390 -4,301
32,218 -4,865 -3,718
32,243 -4,305 -3,135
32,268 -3,675 -2,479
32,293 -3,045 -1,725
32,318 -2,485 -1,069
32,343 -1,785 -0,243
32,368 -1,085 0,413
32,393 -0,455 1,166
32,418 0,210 1,847
32,443 0,840 2,649
32,468 1,505 3,353
32,493 2,170 4,058
32,518 2,800 4,690
32,543 3,325 5,346
32,568 3,885 5,905
32,593 4,340 6,488
32,618 4,830 6,925
32,643 5,215 7,339
32,668 5,495 7,703
32,693 5,740 8,019
32,718 6,125 8,213
32,743 6,265 8,383
32,768 6,195 8,456
32,793 6,195 8,529
32,818 6,125 8,456
32,843 6,020 8,359
32,868 5,915 8,092
32,893 5,530 7,849
32,918 5,250 7,509
32,943 4,865 7,096
32,968 4,515 6,682
32,993 4,060 6,196
33,018 3,500 5,540
33,043 2,905 4,957
33,068 2,310 4,277
33,093 1,680 3,645
33,118 1,085 2,940
33,143 0,280 2,236
33,168 -0,315 1,482
33,193 -0,980 0,753
33,218 -1,680 0,000
33,243 -2,380 -0,729
33,268 -2,940 -1,531
33,293 -3,605 -2,163
33,318 -4,095 -2,843
33,343 -4,690 -3,475
33,368 -5,180 -4,010
33,393 -5,635 -4,617
33,418 -6,160 -5,152
33,443 -6,475 -5,492
33,468 -6,860 -5,954
33,493 -7,140 -6,245
33,518 -7,210 -6,537
33,543 -7,350 -6,585
33,568 -7,525 -6,755
