0,025 -4,340 -2,260
0,050 -4,935 -3,645
0,075 -5,285 -4,180
0,100 -5,390 -4,471
0,125 -5,495 -4,641
0,150 -5,600 -4,641
0,175 -5,600 -4,666
0,200 -5,495 -4,617
0,225 -5,425 -4,544
0,250 -5,285 -4,447
0,275 -5,075 -4,228
0,300 -4,935 -4,010
0,325 -4,620 -3,718
0,350 -4,200 -3,426
0,375 -3,955 -3,159
0,400 -3,605 -2,746
0,425 -3,150 -2,333
0,450 -2,835 -1,871
0,475 -2,345 -1,385
0,500 -1,960 -0,972
0,525 -1,505 -0,437
0,550 -0,910 0,073
0,575 -0,490 0,632
0,605 0,070 1,166
0,630 0,665 1,701
0,655 1,050 2,211
0,680 1,645 2,624
0,705 2,065 3,135
0,730 2,415 3,596
0,755 2,835 4,010
0,780 3,115 4,398
0,805 3,535 4,714
0,830 3,780 5,006
0,855 4,025 5,200
0,880 4,165 5,419
0,905 4,305 5,589
0,930 4,445 5,735
0,955 4,480 5,759
0,980 4,445 5,783
1,005 4,375 5,808
1,030 4,410 5,735
1,055 4,200 5,589
1,080 3,990 5,419
1,105 3,780 5,176
1,130 3,535 4,933
1,155 3,220 4,641
1,180 2,800 4,301
1,205 2,380 3,912
1,230 1,995 3,523
1,255 1,610 3,110
1,280 1,155 2,600
1,305 0,735 2,114
1,330 0,245 1,579
1,355 -0,245 1,142
1,380 -0,805 0,632
1,405 -1,295 0,097
1,430 -1,715 -0,389
1,455 -2,205 -0,850
1,480 -2,660 -1,361
1,505 -3,045 -1,895
1,530 -3,430 -2,308
1,555 -3,780 -2,697
1,580 -4,200 -3,037
1,605 -4,445 -3,402
1,630 -4,760 -3,694
1,655 -4,970 -4,034
1,681 -5,145 -4,204
1,706 -5,320 -4,374
1,731 -5,425 -4,520
1,756 -5,495 -4,593
1,781 -5,565 -4,593
1,806 -5,425 -4,641
1,831 -5,320 -4,568
1,856 -5,180 -4,447
1,881 -5,110 -4,277
1,906 -4,900 -4,058
1,931 -4,655 -3,864
1,957 -4,305 -3,548
1,982 -4,025 -3,232
2,007 -3,640 -2,867
2,032 -3,290 -2,454
2,057 -2,800 -2,041
2,082 -2,415 -1,579
2,107 -1,995 -1,045
2,132 -1,540 -0,559
2,157 -1,085 -0,073
2,182 -0,560 0,437
2,207 -0,070 0,972
2,232 0,420 1,458
2,257 0,945 1,968
2,282 1,365 2,479
2,307 1,750 2,867
2,332 2,205 3,402
2,357 2,660 3,791
2,382 2,905 4,228
2,407 3,395 4,544
2,432 3,570 4,860
2,457 3,815 5,152
2,482 4,025 5,346
2,507 4,235 5,540
2,532 4,410 5,710
2,557 4,585 5,759
2,582 4,480 5,881
2,607 4,445 5,856
2,632 4,375 5,759
2,657 4,235 5,686
2,682 4,060 5,565
2,707 3,815 5,297
2,732 3,535 5,054
2,757 3,290 4,787
2,782 2,975 4,495
2,807 2,450 4,082
2,832 2,100 3,766
2,857 1,820 3,329
2,882 1,295 2,867
2,907 0,875 2,381
2,932 0,280 1,871
2,957 -0,105 1,337
2,982 -0,560 0,948
3,007 -1,085 0,340
3,032 -1,505 -0,146
3,057 -1,925 -0,632
3,082 -2,345 -1,118
3,107 -2,870 -1,652
3,132 -3,325 -2,017
3,157 -3,640 -2,479
3,182 -4,025 -2,916
3,207 -4,375 -3,256
3,232 -4,585 -3,572
3,257 -4,795 -3,864
3,282 -5,075 -4,082
3,307 -5,215 -4,374
3,332 -5,355 -4,447
3,357 -5,495 -4,593
3,382 -5,495 -4,593
3,407 -5,425 -4,641
3,432 -5,285 -4,617
3,457 -5,180 -4,544
3,482 -5,075 -4,398
3,507 -4,935 -4,252
3,532 -4,725 -4,010
3,557 -4,410 -3,766
3,582 -4,130 -3,426
3,607 -3,745 -3,062
3,632 -3,430 -2,673
3,657 -2,940 -2,236
3,682 -2,625 -1,847
3,707 -2,100 -1,337
3,732 -1,715 -0,850
3,758 -1,190 -0,389
3,783 -0,700 0,170
3,808 -0,315 0,632
3,833 0,175 1,191
3,858 0,595 1,701
3,883 1,155 2,163
3,908 1,610 2,673
3,933 2,065 3,135
3,959 2,450 3,572
3,984 2,800 4,010
4,009 3,185 4,350
4,034 3,465 4,714
4,064 3,745 5,006
4,089 3,990 5,322
4,114 4,165 5,540
4,139 4,270 5,686
4,164 4,375 5,808
4,189 4,340 5,832
4,214 4,375 5,832
4,239 4,375 5,783
4,264 4,305 5,759
4,289 3,990 5,613
4,314 3,780 5,395
4,339 3,535 5,200
4,364 3,220 4,884
4,389 2,940 4,544
4,414 2,590 4,204
4,439 2,135 3,864
4,464 1,750 3,426
4,489 1,365 3,037
4,514 0,910 2,527
4,539 0,455 2,041
4,564 0,070 1,507
4,589 -0,560 1,069
4,614 -1,015 0,559
4,639 -1,505 0,024
4,664 -1,890 -0,535
4,689 -2,380 -0,996
4,714 -2,730 -1,507
4,739 -3,290 -1,944
4,764 -3,570 -2,381
4,789 -3,885 -2,746
4,814 -4,200 -3,183
4,839 -4,585 -3,475
4,864 -4,795 -3,839
4,889 -5,040 -4,082
4,914 -5,145 -4,252
4,939 -5,285 -4,447
4,964 -5,320 -4,617
4,989 -5,355 -4,641
5,014 -5,390 -4,739
5,039 -5,355 -4,666
5,064 -5,285 -4,568
5,089 -5,040 -4,471
5,114 -5,005 -4,325
5,139 -4,690 -4,131
5,164 -4,480 -3,864
5,189 -4,165 -3,572
5,214 -3,780 -3,208
5,239 -3,430 -2,819
5,264 -2,975 -2,381
5,289 -2,625 -1,920
5,314 -2,170 -1,531
5,339 -1,750 -0,948
5,364 -1,295 -0,535
5,389 -0,770 0,024
5,414 -0,315 0,486
5,439 0,140 1,069
5,464 0,630 1,555
5,489 1,050 2,041
5,514 1,505 2,551
5,539 1,925 2,989
5,564 2,310 3,451
5,589 2,660 3,888
5,614 3,010 4,277
5,639 3,325 4,641
5,664 3,675 4,909
5,689 3,885 5,224
5,714 3,990 5,467
5,739 4,165 5,662
5,764 4,305 5,735
5,789 4,305 5,905
5,814 4,270 5,905
5,839 4,305 5,905
5,864 4,235 5,808
5,889 3,955 5,686
5,914 3,885 5,565
5,939 3,570 5,395
5,964 3,360 5,127
5,989 3,010 4,811
6,014 2,660 4,447
6,039 2,205 4,131
6,064 1,855 3,694
6,089 1,505 3,305
6,114 1,015 2,819
6,139 0,560 2,308
6,164 0,245 1,823
6,189 -0,280 1,337
6,214 -0,735 0,753
6,239 -1,190 0,292
6,264 -1,680 -0,243
6,289 -2,170 -0,705
6,314 -2,555 -1,215
6,339 -3,080 -1,677
6,364 -3,465 -2,138
6,389 -3,780 -2,624
6,414 -4,095 -3,013
6,439 -4,340 -3,353
6,464 -4,515 -3,718
6,489 -4,795 -3,937
6,514 -4,970 -4,228
6,539 -5,075 -4,398
6,564 -5,250 -4,593
6,589 -5,390 -4,641
6,614 -5,215 -4,714
6,639 -5,250 -4,714
6,664 -5,110 -4,690
6,689 -5,040 -4,593
6,714 -4,935 -4,423
6,739 -4,830 -4,228
6,764 -4,515 -4,010
6,789 -4,305 -3,718
6,814 -4,025 -3,426
6,839 -3,535 -3,062
6,864 -3,185 -2,673
6,889 -2,905 -2,236
6,914 -2,345 -1,750
6,939 -1,960 -1,288
6,964 -1,470 -0,802
6,989 -1,085 -0,292
7,014 -0,700 0,243
7,039 -0,105 0,753
7,064 0,350 1,215
7,089 0,770 1,774
7,114 1,190 2,260
7,139 1,645 2,819
7,164 2,135 3,232
7,189 2,380 3,669
7,214 2,800 4,131
7,239 3,150 4,423
7,264 3,395 4,763
7,289 3,570 5,079
7,314 3,850 5,297
7,339 4,060 5,565
7,364 4,200 5,686
7,389 4,305 5,856
7,414 4,270 5,856
7,439 4,130 5,929
7,464 4,095 5,832
7,489 3,990 5,783
7,514 3,850 5,613
7,539 3,675 5,419
7,564 3,430 5,249
7,589 3,080 5,030
7,614 2,835 4,690
7,639 2,450 4,325
7,664 2,170 3,937
7,689 1,680 3,596
7,714 1,295 3,062
7,739 0,840 2,576
7,764 0,420 2,114
7,789 -0,035 1,579
7,814 -0,525 1,021
7,839 -0,980 0,583
7,865 -1,435 0,000
7,890 -1,855 -0,510
7,915 -2,310 -0,996
7,940 -2,800 -1,458
7,965 -3,080 -1,968
7,990 -3,535 -2,381
8,015 -3,885 -2,819
8,040 -4,200 -3,208
8,065 -4,340 -3,572
8,090 -4,655 -3,791
8,115 -4,970 -4,082
8,140 -4,970 -4,325
8,165 -5,075 -4,471
8,190 -5,180 -4,593
8,215 -5,285 -4,739
8,240 -5,285 -4,739
8,265 -5,215 -4,763
8,290 -5,075 -4,666
8,315 -4,900 -4,568
8,340 -4,795 -4,374
8,365 -4,515 -4,131
8,390 -4,235 -3,815
8,415 -3,955 -3,596
8,440 -3,675 -3,232
8,465 -3,325 -2,819
8,490 -3,010 -2,406
8,515 -2,590 -2,017
8,540 -2,135 -1,507
8,565 -1,680 -1,021
8,590 -1,260 -0,535
8,615 -0,840 -0,073
8,640 -0,455 0,535
8,665 0,105 1,045
8,690 0,560 1,555
8,715 0,980 2,065
8,740 1,400 2,551
8,765 1,820 3,013
8,790 2,170 3,548
8,815 2,590 3,912
8,840 2,940 4,301
8,865 3,185 4,641
8,890 3,465 4,933
8,915 3,710 5,200
8,940 3,815 5,492
8,965 4,095 5,638
8,990 4,130 5,783
9,015 4,165 5,856
9,040 4,235 5,929
9,065 4,060 5,905
9,090 3,990 5,905
9,115 3,955 5,759
9,140 3,745 5,613
9,165 3,395 5,419
9,190 3,185 5,152
9,215 2,905 4,860
9,240 2,555 4,544
9,265 2,240 4,131
9,290 1,855 3,742
9,316 1,435 3,280
9,341 0,980 2,892
9,366 0,595 2,381
9,391 0,140 1,871
9,416 -0,385 1,288
9,441 -0,805 0,753
9,466 -1,155 0,267
9,491 -1,645 -0,267
9,516 -2,100 -0,826
9,541 -2,485 -1,288
9,566 -2,800 -1,750
9,591 -3,360 -2,163
9,616 -3,710 -2,624
9,641 -3,990 -3,037
9,666 -4,270 -3,426
9,691 -4,480 -3,718
9,716 -4,690 -4,034
9,741 -4,830 -4,301
9,766 -5,005 -4,447
9,791 -5,145 -4,593
9,820 -5,180 -4,739
9,845 -5,215 -4,763
9,870 -5,180 -4,763
9,895 -5,005 -4,714
9,920 -4,935 -4,568
9,945 -4,830 -4,447
9,970 -4,655 -4,252
9,995 -4,410 -4,058
10,020 -4,130 -3,742
10,045 -3,850 -3,378
10,070 -3,430 -2,940
10,095 -3,115 -2,527
10,120 -2,765 -2,090
10,145 -2,310 -1,652
10,170 -1,855 -1,142
10,195 -1,330 -0,705
10,220 -0,980 -0,170
10,245 -0,595 0,340
10,270 -0,140 0,899
10,295 0,420 1,409
10,320 0,840 1,944
10,345 1,260 2,406
10,370 1,680 2,916
10,395 2,065 3,353
10,420 2,380 3,815
10,445 2,765 4,204
10,470 3,080 4,617
10,495 3,360 4,933
10,520 3,605 5,200
10,545 3,780 5,443
10,570 3,885 5,638
10,595 4,025 5,759
10,620 4,060 5,905
10,645 4,025 5,978
10,670 4,025 5,954
10,695 3,955 5,905
10,720 3,920 5,808
10,745 3,675 5,638
10,770 3,430 5,443
10,795 3,325 5,200
10,820 3,010 4,957
10,845 2,730 4,593
10,870 2,380 4,277
10,895 1,925 3,888
10,920 1,610 3,426
10,945 1,190 2,989
10,970 0,700 2,551
10,995 0,210 1,993
11,020 -0,210 1,531
11,045 -0,560 0,972
11,070 -1,015 0,437
11,095 -1,470 -0,097
11,120 -1,890 -0,583
11,145 -2,275 -1,093
11,170 -2,765 -1,604
11,195 -3,150 -2,114
11,220 -3,500 -2,527
11,245 -3,675 -2,892
11,270 -4,025 -3,378
11,295 -4,340 -3,694
11,320 -4,585 -3,961
11,345 -4,830 -4,180
11,370 -5,040 -4,423
11,395 -5,075 -4,617
11,420 -5,180 -4,714
11,445 -5,180 -4,763
11,470 -5,040 -4,714
11,495 -5,075 -4,714
11,520 -4,970 -4,666
11,545 -4,865 -4,544
11,570 -4,795 -4,325
11,595 -4,480 -4,155
11,620 -4,235 -3,864
11,645 -3,920 -3,596
11,670 -3,675 -3,135
11,695 -3,220 -2,819
11,720 -2,870 -2,333
11,745 -2,450 -1,895
11,770 -1,995 -1,361
11,795 -1,610 -0,923
11,820 -1,225 -0,437
11,845 -0,910 0,073
11,870 -0,385 0,632
11,895 0,210 1,191
11,920 0,595 1,677
11,945 0,910 2,187
11,970 1,400 2,673
11,995 1,785 3,183
12,020 2,135 3,621
12,045 2,590 4,058
12,070 2,905 4,398
12,095 3,150 4,739
12,120 3,360 5,054
12,145 3,605 5,322
12,170 3,815 5,613
12,195 3,920 5,710
12,220 4,060 5,808
12,245 4,025 5,929
12,270 4,060 5,978
12,295 3,955 5,881
12,320 3,885 5,832
12,345 3,710 5,686
12,370 3,570 5,589
12,395 3,395 5,395
12,420 3,150 5,079
12,445 2,800 4,763
12,470 2,590 4,447
12,495 2,205 4,010
12,520 1,890 3,621
12,545 1,400 3,110
12,570 0,945 2,673
12,595 0,560 2,163
12,620 0,070 1,628
12,645 -0,315 1,142
12,670 -0,805 0,632
12,695 -1,120 0,146
12,720 -1,610 -0,364
12,745 -2,100 -0,850
12,770 -2,450 -1,385
12,795 -2,905 -1,871
12,820 -3,290 -2,357
12,845 -3,535 -2,746
12,870 -3,815 -3,159
12,895 -4,095 -3,451
12,920 -4,340 -3,839
12,945 -4,550 -4,107
12,970 -4,725 -4,325
12,995 -4,830 -4,544
13,020 -5,040 -4,666
13,045 -5,040 -4,763
13,070 -5,075 -4,763
13,095 -5,040 -4,787
13,120 -4,970 -4,763
13,145 -4,760 -4,641
13,170 -4,620 -4,423
13,195 -4,410 -4,228
13,220 -4,375 -3,985
13,245 -4,095 -3,718
13,270 -3,710 -3,378
13,295 -3,430 -2,965
13,320 -3,080 -2,600
13,345 -2,730 -2,138
13,370 -2,205 -1,628
13,395 -1,785 -1,215
13,420 -1,400 -0,680
13,445 -1,085 -0,097
13,470 -0,560 0,413
13,495 -0,070 0,923
13,520 0,315 1,458
13,545 0,700 1,944
13,570 1,190 2,479
13,595 1,540 2,965
13,620 1,890 3,426
13,645 2,240 3,839
13,670 2,660 4,301
13,695 2,975 4,666
13,720 3,220 4,957
13,745 3,430 5,273
13,770 3,605 5,492
13,795 3,780 5,686
13,820 3,885 5,783
13,845 3,955 5,856
13,870 4,060 5,954
13,895 3,955 5,929
13,920 3,885 5,881
13,945 3,815 5,808
13,970 3,745 5,613
13,995 3,500 5,467
14,020 3,290 5,176
14,045 2,975 4,957
14,070 2,765 4,544
14,095 2,380 4,204
14,120 2,030 3,815
14,145 1,680 3,402
14,170 1,260 2,892
14,195 0,840 2,454
14,220 0,350 1,895
14,245 -0,140 1,458
14,270 -0,525 0,875
14,295 -1,015 0,340
14,320 -1,400 -0,170
14,345 -1,890 -0,656
14,370 -2,205 -1,215
14,395 -2,660 -1,725
14,420 -2,975 -2,163
14,445 -3,395 -2,600
14,470 -3,675 -3,037
14,495 -3,955 -3,378
14,520 -4,165 -3,718
14,545 -4,515 -3,961
14,570 -4,620 -4,228
14,595 -4,795 -4,398
14,620 -4,935 -4,593
14,645 -5,075 -4,690
14,670 -5,075 -4,787
14,695 -5,040 -4,787
14,720 -5,005 -4,714
14,745 -4,935 -4,641
14,770 -4,830 -4,544
14,795 -4,655 -4,350
14,820 -4,375 -4,082
14,845 -4,165 -3,791
14,870 -3,850 -3,475
14,895 -3,640 -3,086
14,920 -3,185 -2,746
14,945 -2,870 -2,308
14,970 -2,520 -1,847
14,995 -2,100 -1,337
15,020 -1,645 -0,850
15,045 -1,260 -0,316
15,070 -0,840 0,170
15,095 -0,455 0,705
15,120 0,035 1,166
15,145 0,455 1,750
15,170 0,875 2,260
15,195 1,260 2,746
15,220 1,680 3,208
15,245 1,995 3,694
15,270 2,310 4,107
15,295 2,625 4,520
15,320 3,010 4,787
15,345 3,325 5,127
15,370 3,500 5,419
15,395 3,605 5,613
15,420 3,815 5,759
15,445 3,885 5,881
15,470 3,850 5,954
15,495 3,850 6,051
15,520 3,920 5,881
15,545 3,850 5,832
15,572 3,780 5,662
15,597 3,535 5,540
15,622 3,395 5,249
15,647 3,080 5,030
15,672 2,835 4,690
15,697 2,450 4,350
15,722 2,240 3,864
15,747 1,785 3,548
15,772 1,470 3,086
15,797 0,945 2,600
15,822 0,595 2,114
15,847 0,140 1,628
15,872 -0,280 1,069
15,897 -0,735 0,607
15,922 -1,085 0,000
15,947 -1,610 -0,535
15,972 -1,995 -0,996
15,997 -2,380 -1,507
16,022 -2,730 -1,944
16,047 -3,115 -2,381
16,072 -3,465 -2,819
16,097 -3,850 -3,135
16,122 -4,060 -3,523
16,147 -4,340 -3,888
16,172 -4,550 -4,131
16,197 -4,690 -4,423
16,222 -4,900 -4,568
16,247 -4,970 -4,666
16,272 -4,970 -4,739
16,297 -4,970 -4,811
16,322 -4,970 -4,739
16,347 -4,900 -4,666
16,372 -4,795 -4,520
16,397 -4,725 -4,325
16,422 -4,515 -4,131
16,447 -4,375 -3,864
16,472 -4,130 -3,548
16,497 -3,780 -3,183
16,522 -3,395 -2,819
16,547 -3,115 -2,430
16,572 -2,730 -1,968
16,597 -2,345 -1,482
16,622 -1,890 -0,996
16,647 -1,470 -0,510
16,672 -1,085 0,000
16,697 -0,700 0,535
16,722 -0,280 1,069
16,747 0,245 1,604
16,772 0,595 2,017
16,797 0,980 2,551
16,822 1,470 3,062
16,847 1,785 3,523
16,872 2,205 3,937
16,897 2,485 4,325
16,922 2,800 4,714
16,947 3,080 4,981
16,972 3,290 5,322
16,997 3,465 5,492
17,022 3,710 5,686
17,047 3,815 5,856
17,072 3,920 5,905
17,097 3,850 5,929
17,122 3,920 5,929
17,147 3,850 5,856
17,172 3,815 5,808
17,197 3,570 5,613
17,222 3,325 5,370
17,247 3,185 5,127
17,272 2,940 4,836
17,297 2,555 4,495
17,322 2,275 4,082
17,347 1,960 3,694
17,372 1,645 3,183
17,397 1,260 2,794
17,422 0,770 2,211
17,447 0,385 1,750
17,472 -0,070 1,215
17,497 -0,525 0,729
17,522 -0,840 0,243
17,547 -1,225 -0,243
17,572 -1,750 -0,778
17,597 -2,170 -1,312
17,622 -2,555 -1,798
17,647 -3,010 -2,211
17,672 -3,325 -2,722
17,697 -3,640 -3,062
17,722 -3,815 -3,378
17,747 -3,990 -3,718
17,772 -4,375 -4,034
17,797 -4,585 -4,252
17,822 -4,795 -4,495
17,847 -4,865 -4,617
17,872 -4,900 -4,763
17,897 -4,970 -4,787
17,922 -4,970 -4,714
17,947 -4,970 -4,714
17,972 -4,830 -4,568
17,997 -4,795 -4,374
18,022 -4,620 -4,228
18,047 -4,410 -3,937
18,072 -4,165 -3,694
18,097 -3,850 -3,353
18,122 -3,500 -2,989
18,147 -3,325 -2,624
18,172 -2,975 -2,163
18,197 -2,555 -1,701
18,222 -2,205 -1,215
18,247 -1,715 -0,680
18,272 -1,330 -0,170
18,297 -0,980 0,316
18,322 -0,455 0,826
18,347 -0,000 1,385
18,372 0,385 1,847
18,397 0,770 2,381
18,422 1,225 2,843
18,447 1,680 3,256
18,472 1,995 3,766
18,497 2,415 4,155
18,522 2,730 4,544
18,547 2,905 4,860
18,572 3,255 5,152
18,597 3,465 5,322
18,622 3,605 5,540
18,647 3,815 5,710
18,672 3,920 5,808
18,697 3,920 5,856
18,722 3,850 5,832
18,747 3,885 5,832
18,772 3,745 5,759
18,797 3,710 5,638
18,822 3,605 5,467
18,847 3,360 5,200
18,872 3,150 4,884
18,897 2,835 4,617
18,922 2,450 4,204
18,947 2,275 3,839
18,972 1,890 3,378
18,997 1,540 2,916
19,022 1,120 2,479
19,047 0,665 1,968
19,072 0,245 1,482
19,097 -0,140 0,996
19,122 -0,595 0,462
19,147 -1,050 -0,049
19,172 -1,470 -0,583
19,197 -1,820 -1,021
19,222 -2,345 -1,531
19,247 -2,730 -1,993
19,272 -3,010 -2,406
19,297 -3,325 -2,819
19,322 -3,745 -3,159
19,347 -3,990 -3,523
19,372 -4,305 -3,839
19,397 -4,445 -4,155
19,422 -4,655 -4,350
19,447 -4,795 -4,471
19,472 -4,900 -4,617
19,497 -4,900 -4,739
19,522 -5,040 -4,739
19,547 -5,005 -4,641
19,572 -4,935 -4,568
19,597 -4,830 -4,423
19,622 -4,725 -4,228
19,647 -4,585 -4,082
19,672 -4,305 -3,791
19,697 -4,095 -3,475
19,722 -3,850 -3,135
19,747 -3,535 -2,746
19,772 -3,115 -2,381
19,797 -2,730 -1,895
19,822 -2,345 -1,409
19,847 -1,960 -0,948
19,872 -1,645 -0,437
19,897 -1,085 0,073
19,922 -0,735 0,656
19,947 -0,350 1,093
19,972 0,105 1,652
19,997 0,595 2,163
20,022 0,910 2,649
20,047 1,400 3,086
20,072 1,820 3,548
20,097 2,170 3,961
20,122 2,485 4,301
20,147 2,800 4,641
20,172 3,010 4,957
20,197 3,290 5,176
20,222 3,465 5,516
20,247 3,780 5,613
20,272 3,815 5,759
20,297 3,955 5,783
20,322 3,955 5,832
20,347 3,955 5,808
20,372 3,850 5,808
20,397 3,850 5,686
20,422 3,675 5,492
20,447 3,535 5,297
20,472 3,220 5,054
20,497 3,010 4,787
20,522 2,660 4,398
20,547 2,345 3,985
20,572 2,030 3,596
20,597 1,715 3,159
20,622 1,365 2,722
20,647 0,980 2,211
20,672 0,420 1,701
20,697 0,035 1,191
20,722 -0,420 0,656
20,747 -0,805 0,146
20,772 -1,295 -0,364
20,797 -1,680 -0,850
20,822 -2,065 -1,337
20,847 -2,415 -1,798
20,872 -2,835 -2,284
20,897 -3,115 -2,673
20,922 -3,535 -3,013
20,947 -3,815 -3,378
20,972 -4,165 -3,694
20,997 -4,270 -3,985
21,022 -4,550 -4,204
21,047 -4,760 -4,374
21,072 -4,830 -4,495
21,097 -4,935 -4,593
21,122 -5,005 -4,617
21,147 -5,005 -4,617
21,172 -5,005 -4,593
21,197 -4,830 -4,520
21,222 -4,795 -4,301
21,247 -4,620 -4,131
21,272 -4,480 -3,839
21,297 -4,235 -3,523
21,322 -3,955 -3,183
21,347 -3,675 -2,819
21,372 -3,395 -2,503
21,397 -3,010 -2,090
21,422 -2,660 -1,579
21,447 -2,310 -1,093
21,472 -1,855 -0,607
21,497 -1,400 -0,121
21,522 -1,050 0,389
21,547 -0,595 0,850
21,572 -0,140 1,458
21,597 0,280 1,871
21,622 0,665 2,430
21,647 1,120 2,843
21,672 1,505 3,305
21,697 1,960 3,766
21,722 2,380 4,180
21,747 2,590 4,495
21,772 2,835 4,787
21,797 3,150 5,079
21,822 3,325 5,370
21,847 3,500 5,565
21,872 3,710 5,710
21,897 3,850 5,735
21,922 3,850 5,832
21,947 3,990 5,808
21,972 3,920 5,735
21,997 3,920 5,589
22,022 3,850 5,492
22,047 3,640 5,297
22,072 3,395 5,103
22,097 3,220 4,811
22,122 2,870 4,471
22,147 2,695 4,107
22,172 2,310 3,718
22,197 1,960 3,280
22,222 1,610 2,867
22,247 1,260 2,381
22,272 0,735 1,895
22,297 0,350 1,385
22,322 -0,175 0,948
22,347 -0,560 0,364
22,372 -0,980 -0,121
22,397 -1,400 -0,656
22,422 -1,855 -1,142
22,447 -2,275 -1,604
22,472 -2,730 -2,017
22,497 -3,010 -2,479
22,522 -3,325 -2,770
22,547 -3,605 -3,256
22,572 -4,025 -3,523
22,597 -4,235 -3,839
22,622 -4,480 -4,058
22,647 -4,620 -4,301
22,672 -4,795 -4,398
22,697 -4,865 -4,568
22,722 -4,935 -4,593
22,747 -5,040 -4,617
22,772 -5,005 -4,544
22,797 -4,900 -4,544
22,822 -4,830 -4,350
22,847 -4,725 -4,155
22,872 -4,550 -3,937
22,897 -4,305 -3,645
22,922 -4,165 -3,353
22,947 -3,885 -3,037
22,972 -3,605 -2,600
22,997 -3,360 -2,236
23,022 -2,905 -1,774
23,047 -2,485 -1,312
23,072 -2,065 -0,802
23,097 -1,575 -0,340
23,122 -1,260 0,121
23,147 -0,770 0,656
23,172 -0,350 1,215
23,197 0,140 1,701
23,222 0,560 2,163
23,247 0,945 2,624
23,272 1,260 3,110
23,297 1,750 3,523
23,322 2,030 3,961
23,347 2,380 4,350
23,372 2,660 4,666
23,397 2,940 4,860
23,422 3,325 5,079
23,447 3,570 5,322
23,472 3,745 5,565
23,497 3,745 5,662
23,522 3,885 5,783
23,547 3,920 5,759
23,572 3,885 5,735
23,597 3,955 5,662
23,622 3,850 5,540
23,647 3,745 5,346
23,672 3,605 5,127
23,697 3,325 4,909
23,722 3,045 4,641
23,747 2,800 4,252
23,772 2,450 3,888
23,797 2,205 3,475
23,822 1,820 3,037
23,847 1,400 2,576
23,872 1,015 2,090
23,897 0,665 1,628
23,922 0,140 1,118
23,947 -0,245 0,656
23,972 -0,735 0,121
23,997 -1,190 -0,340
24,022 -1,610 -0,826
24,047 -2,065 -1,337
24,072 -2,345 -1,750
24,097 -2,800 -2,211
24,122 -3,115 -2,576
24,147 -3,500 -2,940
24,172 -3,780 -3,280
24,197 -4,025 -3,596
24,222 -4,340 -3,912
24,247 -4,515 -4,155
24,272 -4,760 -4,301
24,297 -4,935 -4,398
24,323 -5,005 -4,471
24,348 -5,040 -4,544
24,373 -5,075 -4,495
24,398 -5,040 -4,447
24,423 -5,075 -4,350
24,448 -4,865 -4,204
24,473 -4,690 -4,010
24,498 -4,515 -3,766
24,523 -4,270 -3,475
24,548 -3,990 -3,135
24,573 -3,780 -2,746
24,598 -3,395 -2,381
24,623 -3,045 -1,920
24,648 -2,660 -1,507
24,673 -2,205 -1,045
24,698 -1,820 -0,559
24,723 -1,400 -0,073
24,748 -1,050 0,389
24,773 -0,595 0,948
24,798 -0,140 1,434
24,823 0,315 1,944
24,848 0,735 2,430
24,873 1,085 2,867
24,898 1,505 3,256
24,923 1,890 3,669
24,948 2,240 4,010
24,973 2,625 4,447
24,998 2,870 4,714
25,023 3,115 5,030
25,048 3,360 5,200
25,073 3,500 5,395
25,098 3,745 5,492
25,123 3,990 5,638
25,148 3,955 5,662
25,173 3,955 5,662
25,198 3,955 5,589
25,223 3,885 5,540
25,248 3,780 5,370
25,273 3,640 5,224
25,298 3,465 4,957
25,323 3,185 4,739
25,348 2,975 4,374
25,373 2,590 4,034
25,398 2,240 3,572
25,423 1,855 3,256
25,448 1,645 2,794
25,473 1,190 2,333
25,498 0,735 1,847
25,523 0,315 1,409
25,548 -0,000 0,923
25,573 -0,490 0,413
25,598 -0,875 -0,049
25,623 -1,400 -0,583
25,648 -1,750 -1,069
25,673 -2,205 -1,555
25,698 -2,590 -2,041
25,723 -2,940 -2,430
25,748 -3,255 -2,746
25,773 -3,710 -3,110
25,798 -4,060 -3,426
25,823 -4,270 -3,742
25,848 -4,410 -3,961
25,873 -4,620 -4,131
25,898 -4,725 -4,277
25,923 -4,935 -4,374
25,948 -5,005 -4,423
25,973 -5,005 -4,447
25,998 -5,040 -4,423
26,023 -4,970 -4,325
26,048 -4,830 -4,155
26,074 -4,760 -3,985
26,099 -4,690 -3,791
26,124 -4,375 -3,548
26,149 -4,095 -3,232
26,174 -3,850 -2,843
26,199 -3,500 -2,479
26,224 -3,325 -2,114
26,249 -2,905 -1,725
26,274 -2,485 -1,239
26,299 -2,065 -0,802
26,324 -1,610 -0,267
26,349 -1,190 0,219
26,374 -0,805 0,705
26,399 -0,315 1,215
26,424 0,140 1,652
26,449 0,560 2,114
26,474 0,805 2,600
26,499 1,260 3,062
26,524 1,645 3,475
26,549 2,065 3,839
26,574 2,450 4,228
26,599 2,800 4,568
26,624 3,150 4,787
26,649 3,360 5,079
26,674 3,570 5,249
26,699 3,675 5,443
26,724 3,815 5,467
26,749 3,990 5,613
26,774 4,060 5,638
26,799 3,920 5,662
26,824 3,955 5,516
26,849 3,885 5,395
26,874 3,815 5,176
26,899 3,640 5,006
26,924 3,500 4,787
26,949 3,185 4,520
26,974 2,905 4,180
26,999 2,555 3,815
27,024 2,275 3,378
27,049 1,890 2,940
27,074 1,435 2,503
27,099 0,945 2,041
27,124 0,560 1,531
27,149 0,070 1,045
27,174 -0,280 0,607
27,199 -0,805 0,146
27,224 -1,190 -0,340
27,249 -1,715 -0,826
27,274 -2,135 -1,239
27,299 -2,590 -1,750
27,324 -2,870 -2,187
27,349 -3,185 -2,600
27,374 -3,500 -2,940
27,399 -3,780 -3,208
27,424 -4,200 -3,523
27,449 -4,550 -3,742
27,474 -4,550 -4,034
27,499 -4,795 -4,204
27,524 -5,005 -4,277
27,549 -5,075 -4,350
27,574 -5,040 -4,447
27,599 -5,075 -4,398
27,624 -5,040 -4,350
27,649 -5,005 -4,204
27,674 -4,865 -4,058
27,699 -4,830 -3,839
27,724 -4,550 -3,694
27,749 -4,375 -3,305
27,774 -4,060 -3,037
27,799 -3,780 -2,649
27,824 -3,395 -2,333
27,849 -3,150 -1,920
27,874 -2,730 -1,434
27,899 -2,310 -0,972
27,924 -1,820 -0,559
27,949 -1,540 -0,049
27,974 -1,015 0,437
27,999 -0,595 0,948
28,024 -0,140 1,385
28,049 0,280 1,871
28,074 0,735 2,357
28,099 1,085 2,770
28,124 1,540 3,208
28,149 2,030 3,621
28,174 2,415 4,058
28,199 2,660 4,374
28,224 2,975 4,593
28,249 3,220 4,836
28,274 3,500 5,030
28,299 3,710 5,273
28,324 3,920 5,443
28,349 3,920 5,589
28,374 4,095 5,565
28,399 4,025 5,565
28,424 4,060 5,467
28,449 3,955 5,370
28,474 3,850 5,200
28,499 3,710 5,054
28,524 3,465 4,836
28,549 3,220 4,617
28,574 3,010 4,277
28,599 2,660 3,961
28,624 2,310 3,523
28,649 1,855 3,159
28,674 1,575 2,722
28,699 1,120 2,308
28,724 0,770 1,823
28,749 0,280 1,385
28,774 -0,210 0,899
28,799 -0,630 0,437
28,824 -1,015 -0,121
28,849 -1,400 -0,607
28,874 -1,855 -1,045
28,899 -2,275 -1,482
28,924 -2,660 -1,871
28,949 -3,045 -2,308
28,974 -3,360 -2,697
28,999 -3,745 -2,989
29,024 -3,955 -3,329
29,049 -4,340 -3,621
29,075 -4,655 -3,888
29,100 -4,760 -4,034
29,125 -4,865 -4,204
29,150 -5,040 -4,277
29,175 -5,005 -4,325
29,200 -5,145 -4,325
29,225 -5,215 -4,301
29,250 -5,040 -4,204
29,275 -4,970 -4,082
29,300 -4,900 -3,912
29,325 -4,620 -3,694
29,350 -4,445 -3,426
29,375 -4,235 -3,110
29,400 -3,990 -2,794
29,425 -3,605 -2,479
29,450 -3,255 -2,065
29,475 -2,940 -1,677
29,500 -2,520 -1,215
29,525 -2,065 -0,778
29,550 -1,610 -0,267
29,575 -1,120 0,243
29,600 -0,770 0,680
29,625 -0,385 1,142
29,650 0,070 1,628
29,675 0,455 2,041
29,700 0,875 2,503
29,725 1,330 2,989
29,750 1,785 3,426
29,775 2,205 3,766
29,800 2,590 4,107
29,825 2,905 4,374
29,850 3,010 4,690
29,875 3,395 4,860
29,900 3,570 5,152
29,925 3,885 5,346
29,950 3,920 5,419
29,975 4,025 5,467
30,000 4,060 5,565
30,025 4,095 5,467
30,050 4,025 5,370
30,075 3,920 5,297
30,100 3,780 5,127
30,125 3,535 4,884
30,150 3,290 4,690
30,175 3,115 4,350
30,200 2,870 4,082
30,225 2,485 3,742
30,250 2,170 3,402
30,275 1,750 2,940
30,300 1,295 2,527
30,325 0,980 2,041
30,350 0,525 1,604
30,375 0,210 1,118
30,400 -0,385 0,656
30,425 -0,805 0,170
30,450 -1,295 -0,316
30,475 -1,750 -0,802
30,500 -2,170 -1,191
30,525 -2,450 -1,628
30,550 -2,835 -2,041
30,575 -3,220 -2,454
30,600 -3,640 -2,819
30,625 -3,955 -3,110
30,650 -4,130 -3,378
30,675 -4,445 -3,645
30,700 -4,830 -3,864
30,725 -4,900 -4,082
30,750 -5,075 -4,180
30,775 -5,075 -4,228
30,800 -5,075 -4,252
30,825 -5,110 -4,252
30,850 -5,145 -4,204
30,875 -4,970 -4,107
30,900 -4,865 -3,961
30,925 -4,760 -3,766
30,950 -4,550 -3,572
30,975 -4,305 -3,305
31,000 -4,060 -2,916
31,025 -3,745 -2,649
31,050 -3,465 -2,260
31,076 -3,010 -1,871
31,101 -2,625 -1,458
31,126 -2,240 -0,948
31,151 -1,750 -0,510
31,176 -1,435 -0,049
31,201 -0,910 0,413
31,226 -0,490 0,778
31,251 -0,000 1,361
31,276 0,385 1,823
31,301 0,875 2,236
31,326 1,260 2,697
31,351 1,680 3,159
31,376 2,030 3,523
31,401 2,380 3,839
31,426 2,765 4,180
31,451 2,975 4,471
31,476 3,325 4,763
31,501 3,605 4,981
31,526 3,850 5,176
31,551 3,955 5,297
31,576 4,025 5,395
31,601 4,025 5,443
31,626 4,060 5,443
31,651 4,095 5,370
31,676 4,025 5,273
31,701 3,780 5,127
31,726 3,640 4,981
31,751 3,465 4,787
31,776 3,220 4,520
31,801 3,045 4,228
31,826 2,590 3,839
31,851 2,310 3,548
31,876 1,960 3,110
31,901 1,645 2,649
31,926 1,190 2,260
31,951 0,770 1,798
31,976 0,280 1,385
32,001 -0,140 0,899
32,026 -0,595 0,389
32,052 -1,120 -0,073
32,077 -1,540 -0,535
32,102 -1,925 -0,948
32,127 -2,380 -1,385
32,152 -2,730 -1,774
32,177 -3,220 -2,187
32,202 -3,500 -2,600
32,227 -3,745 -2,916
32,252 -4,095 -3,183
32,277 -4,375 -3,475
32,302 -4,655 -3,718
32,327 -4,865 -3,888
32,352 -4,900 -4,034
32,377 -5,040 -4,131
32,402 -5,040 -4,252
32,427 -5,110 -4,228
32,452 -5,075 -4,155
32,477 -5,075 -4,131
32,502 -4,900 -3,985
32,527 -4,865 -3,815
32,552 -4,655 -3,621
32,577 -4,445 -3,378
32,602 -4,235 -3,062
32,627 -3,920 -2,770
32,652 -3,535 -2,430
32,677 -3,150 -2,041
32,702 -2,765 -1,628
32,727 -2,380 -1,142
32,752 -2,100 -0,680
32,777 -1,540 -0,243
32,802 -1,120 0,170
32,827 -0,770 0,607
32,852 -0,280 1,069
32,877 0,245 1,555
32,902 0,735 1,993
32,927 1,015 2,503
32,952 1,540 2,867
32,977 1,925 3,329
33,002 2,310 3,669
33,027 2,590 4,034
33,052 2,905 4,301
33,077 3,255 4,568
33,102 3,430 4,739
33,127 3,640 4,981
33,152 3,815 5,127
33,177 4,025 5,346
33,202 4,130 5,322
33,227 4,060 5,419
33,252 4,095 5,370
33,277 3,990 5,273
33,302 3,850 5,200
33,327 3,710 5,030
33,352 3,570 4,860
33,377 3,360 4,641
33,402 3,045 4,350
33,427 2,765 4,058
33,452 2,450 3,645
33,477 1,995 3,329
33,502 1,610 2,940
33,527 1,190 2,576
33,552 0,875 2,065
33,577 0,455 1,628
33,602 -0,000 1,093
33,627 -0,490 0,632
33,652 -0,910 0,170
33,677 -1,400 -0,219
33,702 -1,855 -0,680
33,727 -2,170 -1,142
33,752 -2,625 -1,579
33,777 -3,080 -1,944
33,802 -3,430 -2,333
33,827 -3,640 -2,746
33,852 -3,955 -3,037
33,877 -4,270 -3,305
33,902 -4,550 -3,548
33,927 -4,725 -3,766
33,952 -4,900 -3,937
33,977 -4,970 -4,010
34,002 -5,040 -4,131
34,027 -5,075 -4,155
34,052 -5,040 -4,155
34,077 -4,970 -4,107
34,102 -4,830 -4,010
34,127 -4,830 -3,864
34,152 -4,760 -3,718
34,177 -4,550 -3,499
34,202 -4,305 -3,208
34,227 -3,990 -2,916
34,252 -3,640 -2,624
34,277 -3,360 -2,236
34,302 -2,940 -1,871
34,327 -2,625 -1,458
34,352 -2,205 -0,972
34,377 -1,820 -0,510
34,402 -1,330 -0,121
34,427 -0,945 0,340
34,452 -0,350 0,778
34,477 0,035 1,288
34,502 0,525 1,725
34,527 0,840 2,138
34,552 1,295 2,600
34,577 1,785 3,037
34,602 2,135 3,451
34,627 2,485 3,718
34,652 2,730 4,107
34,677 2,975 4,423
34,702 3,290 4,641
34,727 3,465 4,860
34,752 3,745 5,054
34,777 3,885 5,224
34,802 3,955 5,273
34,827 4,025 5,346
34,852 4,130 5,443
34,877 3,990 5,370
34,902 3,920 5,224
34,927 3,675 5,127
34,952 3,780 4,933
34,977 3,465 4,714
35,002 3,220 4,423
35,027 2,800 4,228
35,052 2,485 3,888
35,077 2,170 3,572
35,102 1,855 3,086
35,127 1,400 2,722
35,152 1,050 2,284
35,177 0,595 1,895
35,202 0,140 1,434
35,227 -0,350 1,021
35,252 -0,735 0,462
35,277 -1,225 0,049
35,302 -1,610 -0,462
35,327 -2,100 -0,826
35,352 -2,415 -1,264
35,377 -2,800 -1,701
35,402 -3,255 -2,065
35,427 -3,570 -2,454
35,452 -3,850 -2,794
35,477 -4,130 -3,110
35,502 -4,410 -3,426
35,527 -4,655 -3,645
35,552 -4,760 -3,815
35,577 -5,005 -3,912
35,602 -5,110 -4,107
35,627 -5,145 -4,107
35,652 -5,180 -4,180
35,677 -5,145 -4,155
35,702 -5,075 -4,058
35,727 -4,900 -3,937
35,752 -4,760 -3,864
35,777 -4,620 -3,621
35,802 -4,305 -3,353
35,827 -4,060 -3,062
35,852 -3,780 -2,794
35,877 -3,535 -2,406
35,902 -3,045 -2,065
35,927 -2,660 -1,628
35,952 -2,240 -1,239
35,977 -1,960 -0,802
36,002 -1,470 -0,364
36,027 -0,980 0,073
36,052 -0,560 0,486
36,077 -0,105 0,972
36,102 0,280 1,458
36,127 0,700 1,920
36,152 1,190 2,381
36,177 1,610 2,794
36,202 1,960 3,159
36,227 2,240 3,572
36,252 2,625 3,937
36,277 3,010 4,228
36,302 3,290 4,495
36,327 3,535 4,763
36,352 3,710 4,933
36,377 3,710 5,152
36,402 3,955 5,200
36,427 3,920 5,370
36,452 4,025 5,370
36,477 4,025 5,346
36,502 3,920 5,224
36,527 3,745 5,224
36,552 3,675 5,030
36,577 3,535 4,860
36,602 3,220 4,641
36,627 2,975 4,374
36,652 2,625 4,034
36,677 2,240 3,766
36,702 1,960 3,353
36,727 1,540 2,989
36,752 1,190 2,527
36,777 0,665 2,114
36,802 0,315 1,701
36,827 -0,070 1,239
36,852 -0,595 0,705
36,877 -1,015 0,340
36,902 -1,505 -0,170
36,927 -1,960 -0,583
36,952 -2,310 -1,021
36,977 -2,660 -1,458
37,002 -3,010 -1,871
37,027 -3,360 -2,260
37,052 -3,745 -2,551
37,077 -4,130 -2,916
37,102 -4,340 -3,232
37,127 -4,515 -3,451
37,152 -4,655 -3,694
37,177 -4,935 -3,888
37,202 -4,900 -4,058
37,227 -5,075 -4,155
37,252 -5,110 -4,204
37,277 -5,005 -4,180
37,302 -4,935 -4,131
37,327 -4,935 -4,034
37,352 -4,655 -3,912
37,377 -4,620 -3,742
37,402 -4,270 -3,548
37,427 -4,200 -3,232
37,452 -3,955 -2,916
37,477 -3,570 -2,649
37,502 -3,255 -2,260
37,527 -2,800 -1,920
37,552 -2,415 -1,531
37,577 -1,995 -1,093
37,602 -1,610 -0,656
37,627 -1,190 -0,194
37,652 -0,770 0,292
37,677 -0,350 0,753
37,702 0,140 1,142
37,727 0,525 1,677
37,752 1,015 2,114
37,777 1,330 2,527
37,802 1,750 2,916
37,827 2,170 3,329
37,852 2,415 3,718
37,877 2,800 4,010
37,902 3,080 4,350
37,927 3,255 4,593
37,952 3,570 4,811
37,977 3,815 5,006
38,002 3,885 5,176
38,027 4,025 5,224
38,052 4,060 5,322
38,077 4,060 5,346
38,102 3,990 5,346
38,127 3,780 5,249
38,152 3,745 5,103
38,177 3,535 4,957
38,202 3,325 4,714
38,227 3,115 4,544
38,252 2,870 4,277
38,277 2,415 3,937
38,302 2,100 3,572
38,327 1,645 3,256
38,352 1,295 2,819
38,377 0,875 2,381
38,402 0,560 1,944
38,427 0,105 1,507
38,452 -0,420 1,045
38,477 -0,805 0,535
38,502 -1,225 0,097
38,527 -1,645 -0,364
38,552 -2,030 -0,778
38,577 -2,520 -1,239
38,602 -2,940 -1,677
38,627 -3,255 -2,065
38,652 -3,640 -2,406
38,677 -3,955 -2,794
38,702 -4,165 -3,110
38,727 -4,410 -3,353
38,752 -4,585 -3,572
38,777 -4,795 -3,742
38,802 -4,865 -3,912
38,827 -4,935 -4,034
38,852 -4,970 -4,107
38,877 -5,075 -4,155
38,902 -5,040 -4,131
38,927 -4,935 -4,082
38,952 -4,760 -4,034
