0,025 -6,160 4,155
0,050 -6,825 6,488
0,079 -7,350 7,363
0,104 -7,630 7,752
0,129 -7,840 7,922
0,154 -7,910 8,068
0,179 -7,875 8,068
0,204 -7,840 7,995
0,229 -7,735 7,922
0,254 -7,525 7,606
0,279 -7,280 7,363
0,304 -6,930 7,047
0,329 -6,545 6,634
0,354 -6,055 6,124
0,379 -5,600 5,540
0,404 -5,040 4,981
0,434 -4,235 4,277
0,459 -3,675 3,572
0,484 -2,905 2,843
0,509 -2,170 2,114
0,534 -1,575 1,337
0,559 -0,805 0,607
0,584 0,070 -0,194
0,609 0,980 -0,996
0,634 1,575 -1,774
0,659 2,380 -2,430
0,684 3,080 -3,110
0,709 3,710 -3,742
0,734 4,375 -4,398
0,759 4,865 -4,909
0,784 5,425 -5,395
0,809 5,845 -5,808
0,834 6,335 -6,172
0,859 6,685 -6,439
0,884 6,930 -6,731
0,909 7,070 -6,925
0,934 7,140 -6,950
0,963 7,175 -6,974
0,988 7,105 -6,828
1,013 6,965 -6,731
1,038 6,755 -6,464
1,063 6,475 -6,148
1,088 5,985 -5,808
1,113 5,530 -5,297
1,138 4,970 -4,787
1,163 4,375 -4,301
1,188 3,815 -3,669
1,213 3,115 -2,989
1,238 2,415 -2,284
1,263 1,645 -1,604
1,288 0,875 -0,850
1,313 0,140 -0,073
1,338 -0,595 0,753
1,363 -1,400 1,434
1,388 -2,135 2,236
1,413 -2,940 2,989
1,438 -3,570 3,718
1,463 -4,165 4,350
1,488 -4,935 5,030
1,513 -5,460 5,589
1,538 -5,985 6,148
1,563 -6,405 6,610
1,588 -6,860 7,096
1,613 -7,140 7,363
1,638 -7,525 7,679
1,663 -7,665 7,897
1,688 -7,805 8,068
1,713 -7,840 8,043
1,738 -7,770 8,043
1,764 -7,735 7,946
1,789 -7,595 7,752
1,815 -7,455 7,484
1,840 -7,105 7,168
1,866 -6,720 6,853
1,891 -6,160 6,294
1,916 -5,740 5,808
1,941 -5,180 5,200
1,967 -4,585 4,593
1,992 -3,955 3,888
2,017 -3,255 3,135
2,042 -2,415 2,430
2,067 -1,715 1,725
2,092 -0,980 0,899
2,117 -0,315 0,121
2,142 0,490 -0,607
2,167 1,225 -1,337
2,192 2,065 -2,065
2,217 2,835 -2,819
2,242 3,535 -3,426
2,267 4,095 -4,058
2,292 4,620 -4,641
2,317 5,285 -5,200
2,342 5,775 -5,662
2,367 6,160 -6,002
2,392 6,720 -6,342
2,417 6,790 -6,634
2,442 7,070 -6,828
2,467 7,210 -6,877
2,492 7,175 -6,901
2,517 7,140 -6,901
2,542 6,965 -6,804
2,567 6,790 -6,585
2,592 6,615 -6,342
2,617 6,195 -5,978
2,642 5,880 -5,589
2,667 5,285 -5,079
2,692 4,725 -4,568
2,717 4,130 -3,937
2,742 3,500 -3,329
2,767 2,870 -2,649
2,792 2,100 -2,017
2,817 1,330 -1,215
2,842 0,595 -0,510
2,867 -0,175 0,243
2,892 -0,875 0,996
2,917 -1,715 1,774
2,942 -2,415 2,430
2,967 -3,185 3,256
2,992 -3,815 3,937
3,017 -4,410 4,593
3,042 -5,110 5,224
3,067 -5,705 5,832
3,092 -6,125 6,294
3,117 -6,615 6,755
3,142 -6,895 7,144
3,167 -7,315 7,484
3,192 -7,455 7,752
3,217 -7,665 7,946
3,242 -7,770 7,995
3,267 -7,805 8,019
3,292 -7,875 7,995
3,317 -7,770 7,873
3,342 -7,525 7,630
3,367 -7,245 7,387
3,392 -6,930 7,047
3,417 -6,545 6,634
3,442 -6,020 6,148
3,467 -5,600 5,638
3,492 -5,075 5,054
3,517 -4,305 4,423
3,542 -3,780 3,694
3,568 -3,010 2,965
3,593 -2,275 2,284
3,618 -1,505 1,531
3,643 -0,735 0,729
3,669 0,035 -0,121
3,694 0,700 -0,875
3,719 1,540 -1,628
3,744 2,275 -2,308
3,770 3,045 -3,013
3,795 3,570 -3,694
3,820 4,305 -4,301
3,845 4,900 -4,811
3,872 5,460 -5,370
3,897 5,810 -5,783
3,922 6,265 -6,196
3,947 6,580 -6,415
3,974 6,860 -6,731
3,999 7,000 -6,853
4,024 7,175 -6,901
4,049 7,175 -6,877
4,074 7,105 -6,828
4,099 7,000 -6,682
4,124 6,685 -6,464
4,149 6,405 -6,148
4,174 5,915 -5,783
4,199 5,495 -5,322
4,224 5,040 -4,884
4,249 4,410 -4,277
4,274 3,780 -3,766
4,299 3,150 -3,086
4,324 2,415 -2,381
4,349 1,680 -1,652
4,374 0,980 -0,875
4,399 0,210 -0,146
4,424 -0,525 0,607
4,449 -1,365 1,337
4,474 -2,100 2,163
4,499 -2,800 2,843
4,524 -3,465 3,596
4,549 -4,165 4,228
4,574 -4,795 4,884
4,599 -5,390 5,467
4,624 -5,880 6,075
4,649 -6,405 6,561
4,674 -6,790 6,950
4,699 -7,140 7,290
4,724 -7,420 7,630
4,749 -7,595 7,873
4,774 -7,770 7,995
4,799 -7,875 8,092
4,824 -7,840 8,043
4,849 -7,700 7,897
4,874 -7,560 7,727
4,899 -7,315 7,484
4,924 -7,000 7,217
4,949 -6,580 6,828
4,974 -6,300 6,367
4,999 -5,670 5,832
5,024 -5,215 5,297
5,049 -4,550 4,714
5,074 -4,060 4,034
5,099 -3,325 3,402
5,124 -2,625 2,649
5,149 -1,960 1,871
5,174 -1,225 1,166
5,199 -0,420 0,364
5,224 0,420 -0,364
5,249 1,120 -1,191
5,274 1,890 -1,871
5,299 2,590 -2,624
5,324 3,290 -3,280
5,349 4,025 -3,961
5,374 4,585 -4,423
5,399 5,180 -5,030
5,424 5,670 -5,467
5,449 6,125 -5,905
5,474 6,440 -6,221
5,499 6,755 -6,464
5,524 7,000 -6,731
5,549 7,070 -6,877
5,574 7,140 -6,877
5,599 7,140 -6,901
5,624 7,035 -6,828
5,649 6,895 -6,610
5,674 6,510 -6,367
5,699 6,300 -6,026
5,724 5,810 -5,638
5,749 5,320 -5,249
5,774 4,725 -4,739
5,799 4,235 -4,180
5,824 3,675 -3,548
5,849 2,905 -2,892
5,874 2,205 -2,163
5,899 1,470 -1,482
5,924 0,770 -0,729
5,949 -0,000 0,049
5,974 -0,700 0,778
5,999 -1,470 1,507
6,024 -2,275 2,333
6,049 -3,010 3,013
6,075 -3,675 3,742
6,100 -4,305 4,423
6,125 -4,970 5,054
6,150 -5,600 5,613
6,175 -6,125 6,196
6,200 -6,440 6,585
6,225 -6,895 7,047
6,250 -7,175 7,339
6,275 -7,455 7,703
6,300 -7,595 7,849
6,325 -7,805 8,019
6,350 -7,770 7,995
6,375 -7,735 8,019
6,400 -7,630 7,849
6,425 -7,455 7,703
6,450 -7,035 7,411
6,476 -6,755 7,071
6,501 -6,440 6,707
6,526 -6,160 6,245
6,551 -5,600 5,662
6,576 -5,005 5,127
6,601 -4,410 4,447
6,626 -3,710 3,791
6,652 -3,010 3,086
6,677 -2,310 2,357
6,702 -1,575 1,604
6,727 -0,840 0,850
6,752 -0,140 0,073
6,777 0,560 -0,607
6,802 1,295 -1,337
6,827 2,170 -2,090
6,853 2,800 -2,843
6,878 3,465 -3,475
6,903 4,165 -4,155
6,928 4,830 -4,666
6,953 5,320 -5,176
6,978 5,880 -5,613
7,003 6,160 -6,002
7,028 6,580 -6,318
7,054 6,895 -6,537
7,079 7,070 -6,755
7,104 7,000 -6,828
7,129 7,105 -6,901
7,154 7,070 -6,828
7,179 6,895 -6,780
7,204 6,685 -6,561
7,229 6,440 -6,221
7,255 6,055 -5,832
7,280 5,565 -5,492
7,305 5,075 -4,957
7,330 4,550 -4,447
7,355 3,955 -3,815
7,380 3,290 -3,208
7,405 2,520 -2,503
7,430 1,855 -1,847
7,456 1,015 -1,093
7,481 0,385 -0,389
7,506 -0,455 0,437
7,531 -1,155 1,118
7,556 -1,925 1,895
7,581 -2,800 2,600
7,606 -3,360 3,329
7,631 -4,025 4,058
7,656 -4,655 4,763
7,681 -5,145 5,297
7,706 -5,740 5,856
7,731 -6,230 6,318
7,756 -6,720 6,828
7,781 -7,070 7,193
7,806 -7,245 7,460
7,831 -7,525 7,679
7,858 -7,700 7,849
7,883 -7,840 8,019
7,908 -7,735 7,970
7,933 -7,665 7,897
7,958 -7,455 7,752
7,983 -7,280 7,533
8,008 -7,035 7,217
8,033 -6,685 6,877
8,059 -6,230 6,342
8,084 -5,740 5,905
8,109 -5,215 5,297
8,134 -4,690 4,739
8,159 -4,060 4,131
8,184 -3,325 3,523
8,209 -2,695 2,794
8,234 -1,925 2,017
8,259 -1,190 1,239
8,284 -0,560 0,510
8,310 0,280 -0,243
8,335 1,085 -0,996
8,360 1,855 -1,798
8,385 2,520 -2,406
8,410 3,290 -3,062
8,435 3,885 -3,791
8,460 4,480 -4,374
8,485 4,970 -4,836
8,510 5,565 -5,346
8,535 5,950 -5,759
8,561 6,440 -6,196
8,586 6,685 -6,464
8,611 6,930 -6,707
8,636 7,000 -6,780
8,661 7,070 -6,877
8,686 7,035 -6,804
8,711 6,930 -6,755
8,736 6,860 -6,561
8,761 6,650 -6,342
8,786 6,195 -6,075
8,812 5,915 -5,662
8,837 5,425 -5,224
8,862 4,865 -4,714
8,887 4,200 -4,131
8,912 3,605 -3,572
8,937 2,905 -2,916
8,962 2,275 -2,284
8,987 1,400 -1,531
9,012 0,770 -0,753
9,037 -0,000 -0,073
9,064 -0,840 0,729
9,089 -1,680 1,531
9,114 -2,310 2,333
9,139 -2,975 2,965
9,164 -3,640 3,718
9,189 -4,340 4,398
9,214 -5,005 5,030
9,239 -5,495 5,613
9,264 -6,020 6,099
9,289 -6,405 6,561
9,316 -6,895 6,998
9,341 -7,210 7,339
9,366 -7,490 7,606
9,391 -7,560 7,825
9,416 -7,735 7,995
9,441 -7,770 7,946
9,466 -7,665 7,922
9,491 -7,525 7,800
9,516 -7,420 7,679
9,541 -7,140 7,314
9,568 -6,895 6,998
9,593 -6,405 6,610
9,618 -6,055 6,099
9,643 -5,460 5,565
9,668 -4,935 5,054
9,693 -4,235 4,374
9,718 -3,710 3,742
9,743 -3,010 3,086
9,768 -2,310 2,308
9,793 -1,540 1,555
9,823 -0,665 0,705
9,848 0,210 -0,073
9,873 0,840 -0,826
9,898 1,680 -1,604
9,923 2,380 -2,211
9,948 3,045 -2,867
9,973 3,710 -3,523
9,998 4,375 -4,252
10,023 4,900 -4,714
10,048 5,390 -5,200
10,073 5,915 -5,638
10,098 6,370 -6,051
10,123 6,545 -6,294
10,148 6,860 -6,561
10,173 6,965 -6,731
10,198 7,105 -6,828
10,223 7,035 -6,804
10,248 7,035 -6,731
10,273 6,895 -6,585
10,298 6,685 -6,342
10,323 6,405 -6,051
10,348 6,055 -5,735
10,373 5,495 -5,346
10,398 4,970 -4,909
10,423 4,410 -4,301
10,448 3,815 -3,766
10,473 3,185 -3,110
10,498 2,485 -2,454
10,523 1,610 -1,798
10,548 0,945 -0,996
10,573 0,210 -0,292
10,598 -0,560 0,486
10,623 -1,400 1,191
10,648 -1,960 1,920
10,673 -2,730 2,697
10,698 -3,430 3,402
10,723 -4,165 4,131
10,748 -4,690 4,714
10,773 -5,285 5,346
10,798 -5,810 5,808
10,823 -6,230 6,342
10,848 -6,650 6,707
10,873 -6,965 7,144
10,898 -7,245 7,436
10,923 -7,560 7,679
10,948 -7,665 7,776
10,973 -7,735 7,922
10,998 -7,665 7,922
11,023 -7,700 7,849
11,048 -7,490 7,630
11,073 -7,315 7,436
11,098 -7,035 7,120
11,123 -6,720 6,804
11,148 -6,195 6,367
11,173 -5,775 5,929
11,198 -5,180 5,297
11,223 -4,655 4,787
11,248 -4,025 4,180
11,273 -3,325 3,451
11,298 -2,660 2,722
11,323 -1,890 1,993
11,348 -1,155 1,215
11,373 -0,455 0,413
11,398 0,385 -0,267
11,423 1,050 -0,996
11,448 1,785 -1,701
11,473 2,380 -2,406
11,498 3,115 -3,062
11,523 3,850 -3,718
11,548 4,515 -4,350
11,573 5,040 -4,836
11,598 5,530 -5,322
11,623 5,915 -5,638
11,648 6,335 -6,051
11,673 6,580 -6,367
11,698 6,860 -6,585
11,723 7,035 -6,755
11,748 7,035 -6,755
11,773 7,105 -6,755
11,798 6,930 -6,731
11,823 6,790 -6,537
11,848 6,510 -6,342
11,873 6,160 -5,978
11,898 5,775 -5,638
11,923 5,215 -5,152
11,948 4,865 -4,666
11,973 4,235 -4,131
11,998 3,605 -3,572
12,023 2,870 -2,965
12,048 2,240 -2,260
12,073 1,435 -1,507
12,098 0,735 -0,826
12,123 -0,000 -0,097
12,148 -0,700 0,656
12,173 -1,470 1,409
12,198 -2,240 2,114
12,223 -3,010 2,843
12,248 -3,640 3,499
12,273 -4,270 4,228
12,298 -4,935 4,811
12,323 -5,495 5,419
12,348 -5,915 5,905
12,373 -6,405 6,439
12,398 -6,790 6,780
12,423 -7,105 7,217
12,448 -7,385 7,509
12,473 -7,630 7,727
12,498 -7,665 7,825
12,523 -7,770 7,897
12,548 -7,700 7,849
12,573 -7,595 7,776
12,598 -7,525 7,606
12,623 -7,280 7,411
12,648 -6,930 7,071
12,673 -6,580 6,634
12,698 -6,160 6,245
12,723 -5,635 5,686
12,748 -5,005 5,200
12,773 -4,445 4,593
12,798 -3,780 3,912
12,823 -3,185 3,280
12,848 -2,380 2,576
12,873 -1,680 1,798
12,898 -0,945 1,093
12,923 -0,280 0,340
12,948 0,455 -0,389
12,973 1,155 -1,118
12,998 1,925 -1,823
13,023 2,765 -2,527
13,048 3,325 -3,208
13,073 3,920 -3,839
13,098 4,585 -4,398
13,123 5,075 -4,860
13,148 5,600 -5,346
13,173 5,985 -5,759
13,198 6,405 -6,124
13,223 6,650 -6,318
13,248 6,895 -6,561
13,273 7,070 -6,610
13,298 7,035 -6,755
13,323 7,000 -6,731
13,348 6,860 -6,682
13,373 6,685 -6,488
13,398 6,475 -6,172
13,423 6,020 -5,881
13,448 5,670 -5,492
13,473 5,215 -5,054
13,498 4,760 -4,568
13,523 4,060 -3,985
13,548 3,430 -3,378
13,573 2,660 -2,746
13,598 2,100 -2,065
13,623 1,295 -1,361
13,648 0,630 -0,680
13,673 -0,175 0,073
13,698 -0,875 0,778
13,723 -1,645 1,555
13,748 -2,415 2,308
13,773 -3,080 3,037
13,798 -3,675 3,718
13,823 -4,305 4,350
13,848 -4,900 4,957
13,873 -5,495 5,540
13,898 -6,055 6,002
13,923 -6,510 6,512
13,948 -6,825 6,877
13,973 -7,175 7,241
13,998 -7,420 7,460
14,023 -7,525 7,679
14,048 -7,665 7,776
14,073 -7,735 7,849
14,098 -7,700 7,800
14,123 -7,525 7,703
14,148 -7,420 7,509
14,173 -7,070 7,290
14,198 -6,930 6,901
14,223 -6,440 6,561
14,248 -6,020 6,124
14,273 -5,600 5,638
14,298 -4,970 5,006
14,323 -4,410 4,374
14,348 -3,745 3,742
14,373 -3,045 3,062
14,398 -2,310 2,406
14,423 -1,610 1,652
14,448 -0,840 0,923
14,473 -0,070 0,170
14,498 0,700 -0,583
14,523 1,330 -1,312
14,548 2,170 -1,993
14,573 2,870 -2,722
14,598 3,570 -3,378
14,623 4,165 -3,888
14,648 4,760 -4,447
14,673 5,215 -5,030
14,698 5,705 -5,492
14,723 6,160 -5,856
14,748 6,510 -6,124
14,773 6,720 -6,391
14,798 6,930 -6,585
14,823 7,000 -6,682
14,848 7,070 -6,707
14,873 7,035 -6,682
14,898 6,825 -6,561
14,923 6,615 -6,342
14,948 6,300 -6,124
14,973 5,915 -5,783
14,998 5,565 -5,443
15,023 5,040 -4,909
15,048 4,585 -4,447
15,074 3,850 -3,815
15,099 3,325 -3,256
15,124 2,555 -2,576
15,149 1,890 -1,920
15,174 1,190 -1,166
15,199 0,455 -0,437
15,224 -0,350 0,292
15,249 -1,085 1,021
15,274 -1,750 1,798
15,299 -2,555 2,479
15,324 -3,360 3,232
15,349 -3,920 3,839
15,374 -4,585 4,520
15,399 -5,075 5,054
15,424 -5,705 5,662
15,449 -6,125 6,172
15,474 -6,580 6,610
15,499 -6,895 6,950
15,524 -7,210 7,266
15,549 -7,455 7,460
15,575 -7,735 7,679
15,600 -7,735 7,703
15,625 -7,665 7,776
15,650 -7,700 7,727
15,675 -7,490 7,679
15,700 -7,245 7,436
15,725 -7,105 7,096
15,750 -6,685 6,828
15,775 -6,265 6,391
15,800 -5,810 5,881
15,825 -5,285 5,297
15,850 -4,585 4,787
15,875 -4,095 4,180
15,900 -3,465 3,572
15,925 -2,660 2,843
15,950 -1,960 2,138
15,975 -1,330 1,385
16,000 -0,630 0,680
16,025 0,140 0,000
16,050 0,875 -0,826
16,077 1,645 -1,579
16,102 2,345 -2,284
16,127 3,115 -2,916
16,152 3,815 -3,523
16,177 4,410 -4,155
16,202 5,005 -4,641
16,227 5,460 -5,176
16,252 5,950 -5,540
16,277 6,335 -5,929
16,302 6,545 -6,196
16,327 6,825 -6,415
16,352 7,000 -6,537
16,377 6,965 -6,634
16,402 7,000 -6,610
16,427 6,930 -6,561
16,452 6,685 -6,367
16,477 6,475 -6,221
16,502 6,125 -5,954
16,527 5,845 -5,613
16,552 5,355 -5,127
16,577 4,865 -4,690
16,602 4,305 -4,155
16,627 3,745 -3,621
16,652 3,010 -2,940
16,677 2,380 -2,284
16,702 1,680 -1,604
16,727 0,875 -0,923
16,752 0,105 -0,170
16,777 -0,700 0,583
16,802 -1,400 1,264
16,827 -2,135 1,993
16,852 -2,870 2,746
16,877 -3,535 3,451
16,902 -4,165 4,082
16,927 -4,725 4,690
16,952 -5,355 5,273
16,977 -5,775 5,783
17,002 -6,300 6,269
17,027 -6,615 6,682
17,052 -7,000 6,974
17,077 -7,245 7,290
17,102 -7,455 7,557
17,127 -7,665 7,679
17,152 -7,700 7,727
17,177 -7,735 7,752
17,202 -7,630 7,654
17,227 -7,490 7,460
17,252 -7,210 7,266
17,277 -6,895 6,998
17,302 -6,615 6,634
17,327 -6,125 6,172
17,352 -5,670 5,710
17,377 -5,180 5,176
17,402 -4,585 4,568
17,427 -3,850 3,961
17,452 -3,255 3,280
17,477 -2,520 2,576
17,502 -1,855 1,871
17,527 -1,050 1,093
17,552 -0,315 0,462
17,577 0,525 -0,364
17,602 1,120 -1,021
17,627 1,820 -1,750
17,652 2,555 -2,430
17,677 3,185 -3,086
17,702 3,885 -3,694
17,727 4,515 -4,301
17,752 5,005 -4,787
17,777 5,565 -5,273
17,802 5,950 -5,662
17,827 6,370 -6,026
17,852 6,615 -6,294
17,877 6,860 -6,415
17,902 6,965 -6,585
17,927 7,000 -6,610
17,952 6,930 -6,634
17,977 6,930 -6,561
18,002 6,615 -6,367
18,027 6,440 -6,124
18,052 6,160 -5,832
18,077 5,635 -5,443
18,102 5,180 -5,054
18,127 4,760 -4,593
18,152 4,200 -4,034
18,177 3,605 -3,426
18,202 2,800 -2,794
18,227 2,205 -2,138
18,252 1,400 -1,385
18,277 0,700 -0,729
18,302 -0,105 -0,024
18,327 -0,770 0,680
18,352 -1,575 1,507
18,377 -2,275 2,211
18,402 -3,115 2,916
18,427 -3,675 3,596
18,452 -4,270 4,277
18,477 -4,795 4,811
18,502 -5,460 5,419
18,527 -6,020 5,881
18,552 -6,440 6,439
18,577 -6,825 6,755
18,602 -7,070 7,144
18,627 -7,385 7,339
18,652 -7,525 7,582
18,677 -7,665 7,679
18,702 -7,735 7,703
18,727 -7,630 7,727
18,752 -7,595 7,630
18,777 -7,420 7,509
18,802 -7,140 7,217
18,827 -6,860 6,877
18,852 -6,440 6,488
18,877 -6,090 6,026
18,902 -5,635 5,589
18,927 -5,040 5,054
18,952 -4,445 4,447
18,977 -3,745 3,766
19,002 -3,115 3,086
19,027 -2,380 2,381
19,052 -1,715 1,677
19,077 -0,945 0,972
19,102 -0,245 0,267
19,127 0,525 -0,559
19,152 1,260 -1,215
19,177 1,925 -1,895
19,202 2,660 -2,527
19,227 3,325 -3,208
19,252 4,025 -3,766
19,277 4,725 -4,423
19,302 5,110 -4,836
19,327 5,600 -5,370
19,352 6,055 -5,735
19,377 6,510 -6,051
19,402 6,790 -6,221
19,427 6,965 -6,512
19,452 7,070 -6,585
19,477 7,035 -6,585
19,502 6,895 -6,537
19,527 6,825 -6,464
19,552 6,615 -6,269
19,577 6,440 -6,002
19,602 5,985 -5,686
19,627 5,600 -5,346
19,652 5,145 -4,860
19,677 4,585 -4,398
19,702 3,955 -3,815
19,727 3,360 -3,256
19,752 2,730 -2,527
19,777 1,960 -1,895
19,802 1,260 -1,239
19,827 0,525 -0,486
19,852 -0,175 0,267
19,877 -0,910 0,972
19,902 -1,715 1,628
19,927 -2,450 2,357
19,952 -3,150 3,062
19,977 -3,780 3,694
20,002 -4,410 4,374
20,027 -5,005 4,909
20,052 -5,565 5,565
20,077 -6,055 6,026
20,102 -6,510 6,439
20,127 -6,860 6,853
20,152 -7,280 7,193
20,177 -7,455 7,436
20,202 -7,700 7,557
20,227 -7,770 7,654
20,252 -7,735 7,703
20,277 -7,630 7,654
20,302 -7,560 7,606
20,327 -7,350 7,339
20,352 -7,070 7,023
20,377 -6,720 6,731
20,402 -6,405 6,318
20,427 -5,950 5,881
20,452 -5,495 5,395
20,477 -4,830 4,860
20,502 -4,340 4,228
20,527 -3,570 3,596
20,552 -2,940 2,965
20,577 -2,170 2,211
20,602 -1,470 1,555
20,627 -0,630 0,802
20,652 0,035 0,000
20,677 0,840 -0,680
20,702 1,470 -1,361
20,727 2,100 -2,065
20,752 2,800 -2,697
20,777 3,570 -3,353
20,802 4,235 -3,912
20,827 4,760 -4,520
20,852 5,285 -4,981
20,877 5,705 -5,395
20,902 6,195 -5,735
20,927 6,475 -6,051
20,952 6,650 -6,342
20,977 6,790 -6,488
21,002 7,000 -6,537
21,027 7,000 -6,634
21,052 6,895 -6,488
21,077 6,825 -6,342
21,102 6,650 -6,196
21,127 6,335 -5,929
21,152 5,915 -5,613
21,177 5,565 -5,176
21,202 4,970 -4,739
21,227 4,515 -4,228
21,252 3,815 -3,742
21,277 3,220 -3,062
21,302 2,485 -2,357
21,327 1,855 -1,725
21,352 1,085 -1,069
21,377 0,280 -0,340
21,402 -0,385 0,389
21,427 -1,155 1,069
21,452 -1,890 1,823
21,477 -2,590 2,527
21,502 -3,255 3,208
21,527 -3,955 3,888
21,552 -4,585 4,495
21,577 -5,075 5,103
21,602 -5,635 5,613
21,627 -6,125 6,099
21,652 -6,510 6,537
21,677 -6,825 6,877
21,702 -7,140 7,168
21,727 -7,385 7,363
21,752 -7,490 7,557
21,777 -7,665 7,630
21,802 -7,700 7,606
21,827 -7,560 7,606
21,852 -7,455 7,484
21,877 -7,245 7,266
21,902 -6,965 7,023
21,927 -6,685 6,682
21,952 -6,300 6,196
21,977 -5,845 5,759
22,002 -5,250 5,200
22,027 -4,620 4,666
22,052 -4,165 4,058
22,077 -3,500 3,451
22,102 -2,835 2,746
22,127 -2,065 2,041
22,152 -1,260 1,337
22,177 -0,560 0,535
22,202 0,175 -0,121
22,227 0,805 -0,802
22,252 1,610 -1,604
22,277 2,380 -2,236
22,302 3,045 -2,843
22,327 3,675 -3,475
22,352 4,270 -4,058
22,377 4,900 -4,593
22,402 5,425 -5,030
22,427 5,845 -5,492
22,452 6,195 -5,808
22,477 6,545 -6,051
22,502 6,650 -6,342
22,527 6,860 -6,512
22,552 6,930 -6,512
22,577 7,000 -6,537
22,602 6,825 -6,439
22,627 6,755 -6,342
22,652 6,440 -6,051
22,677 6,230 -5,783
22,702 5,810 -5,419
22,727 5,425 -4,981
22,752 4,900 -4,593
22,777 4,340 -4,082
22,802 3,745 -3,426
22,827 3,045 -2,892
22,852 2,450 -2,236
22,877 1,610 -1,555
22,902 0,980 -0,875
22,927 0,175 -0,146
22,952 -0,560 0,583
22,977 -1,295 1,288
23,002 -2,030 2,017
23,027 -2,660 2,697
23,052 -3,325 3,426
23,077 -4,095 4,107
23,102 -4,655 4,617
23,127 -5,180 5,176
23,152 -5,635 5,686
23,177 -6,125 6,124
23,202 -6,545 6,537
23,227 -6,965 6,974
23,252 -7,175 7,193
23,277 -7,420 7,363
23,302 -7,490 7,484
23,327 -7,630 7,654
23,352 -7,560 7,630
23,377 -7,525 7,484
23,402 -7,350 7,339
23,427 -7,210 7,120
23,452 -6,860 6,901
23,477 -6,545 6,488
23,502 -6,055 6,148
23,527 -5,635 5,565
23,552 -5,215 5,054
23,577 -4,620 4,520
23,602 -3,990 3,888
23,627 -3,255 3,232
23,652 -2,590 2,527
23,677 -1,995 1,895
23,702 -1,190 1,142
23,727 -0,455 0,437
23,752 0,210 -0,316
23,777 1,015 -1,021
23,802 1,750 -1,750
23,827 2,450 -2,357
23,852 3,255 -2,965
23,877 3,920 -3,645
23,902 4,515 -4,180
23,927 5,005 -4,714
23,952 5,460 -5,176
23,977 5,880 -5,540
24,002 6,195 -5,856
24,027 6,440 -6,124
24,052 6,720 -6,342
24,077 6,895 -6,464
24,102 7,000 -6,488
24,127 6,895 -6,464
24,152 6,895 -6,415
24,177 6,650 -6,245
24,202 6,370 -6,002
24,227 6,125 -5,759
24,252 5,670 -5,395
24,277 5,145 -4,909
24,302 4,725 -4,447
24,327 4,130 -3,937
24,352 3,500 -3,378
24,377 2,800 -2,722
24,402 2,275 -2,114
24,427 1,540 -1,409
24,452 0,735 -0,729
24,477 -0,000 0,024
24,502 -0,805 0,705
24,527 -1,400 1,507
24,552 -2,240 2,187
24,577 -2,835 2,892
24,602 -3,500 3,572
24,627 -4,235 4,252
24,652 -4,795 4,763
24,677 -5,425 5,346
24,702 -5,775 5,856
24,727 -6,370 6,342
24,752 -6,720 6,658
24,777 -7,070 6,998
24,802 -7,280 7,266
24,827 -7,525 7,460
24,852 -7,665 7,557
24,877 -7,630 7,654
24,902 -7,665 7,582
24,927 -7,595 7,436
24,952 -7,385 7,339
24,977 -7,245 7,071
25,002 -6,790 6,755
25,027 -6,510 6,367
25,052 -6,055 5,905
25,077 -5,565 5,443
25,102 -5,075 4,884
25,127 -4,410 4,325
25,152 -3,745 3,645
25,177 -3,150 3,037
25,202 -2,415 2,284
25,227 -1,785 1,628
25,252 -0,980 0,948
25,277 -0,350 0,219
25,302 0,490 -0,510
25,327 1,225 -1,166
25,352 1,890 -1,895
25,377 2,590 -2,576
25,402 3,220 -3,183
25,427 3,920 -3,742
25,452 4,445 -4,325
25,477 4,900 -4,763
25,502 5,565 -5,200
25,527 5,915 -5,540
25,552 6,195 -5,929
25,577 6,545 -6,148
25,602 6,755 -6,367
25,627 6,895 -6,464
25,652 6,965 -6,488
25,677 6,860 -6,439
25,702 6,720 -6,367
25,727 6,475 -6,148
25,752 6,335 -5,929
25,777 5,985 -5,540
25,802 5,635 -5,224
25,827 5,180 -4,763
25,852 4,690 -4,277
25,877 4,060 -3,766
25,902 3,500 -3,183
25,927 2,835 -2,479
25,952 2,030 -1,871
25,977 1,330 -1,239
26,002 0,700 -0,559
26,027 -0,140 0,194
26,052 -0,840 0,899
26,077 -1,505 1,725
26,102 -2,275 2,406
26,127 -3,010 3,086
26,152 -3,710 3,669
26,177 -4,375 4,301
26,202 -4,865 4,884
26,227 -5,460 5,419
26,252 -5,985 5,905
26,277 -6,335 6,367
26,302 -6,720 6,682
26,327 -7,035 7,071
26,352 -7,315 7,241
26,377 -7,385 7,411
26,402 -7,525 7,533
26,427 -7,630 7,630
26,452 -7,630 7,582
26,477 -7,455 7,436
26,502 -7,350 7,217
26,527 -7,000 6,950
26,552 -6,755 6,682
26,577 -6,370 6,245
26,602 -5,915 5,783
26,627 -5,495 5,297
26,652 -4,935 4,763
26,677 -4,340 4,204
26,702 -3,640 3,572
26,727 -3,045 2,916
26,752 -2,380 2,138
26,777 -1,610 1,482
26,802 -0,875 0,753
26,827 -0,140 0,073
26,852 0,630 -0,656
26,877 1,400 -1,385
26,902 1,995 -2,065
26,927 2,730 -2,722
26,952 3,430 -3,378
26,977 3,990 -3,912
27,002 4,690 -4,471
27,027 5,145 -4,884
27,053 5,705 -5,297
27,078 5,950 -5,638
27,103 6,405 -6,002
27,128 6,510 -6,221
27,153 6,755 -6,439
27,178 6,895 -6,439
27,203 6,895 -6,439
27,228 6,860 -6,367
27,253 6,790 -6,269
27,278 6,510 -6,002
27,303 6,230 -5,832
27,328 5,810 -5,419
27,353 5,460 -5,079
27,378 5,040 -4,666
27,403 4,410 -4,131
27,428 3,850 -3,523
27,453 3,255 -3,013
27,478 2,590 -2,308
27,503 1,785 -1,725
27,528 1,050 -1,069
27,553 0,385 -0,316
27,578 -0,315 0,437
27,603 -1,085 1,166
27,628 -1,750 1,871
27,653 -2,555 2,527
27,678 -3,150 3,208
27,703 -3,745 3,961
27,728 -4,375 4,593
27,753 -5,005 5,054
27,778 -5,495 5,638
27,803 -6,055 6,002
27,828 -6,370 6,512
27,853 -6,720 6,877
27,878 -7,105 7,120
27,903 -7,245 7,363
27,928 -7,490 7,557
27,953 -7,455 7,582
27,978 -7,630 7,630
28,003 -7,490 7,533
28,028 -7,490 7,363
28,054 -7,175 7,096
28,079 -6,965 6,828
28,104 -6,650 6,488
28,129 -6,195 6,099
28,154 -5,810 5,638
28,179 -5,215 5,127
28,204 -4,655 4,520
28,229 -4,095 3,937
28,254 -3,360 3,305
28,279 -2,800 2,600
28,304 -2,135 1,968
28,329 -1,435 1,337
28,354 -0,630 0,559
28,379 0,105 -0,170
28,404 0,665 -0,850
28,429 1,400 -1,555
28,454 2,135 -2,211
28,479 2,870 -2,819
28,504 3,500 -3,475
28,529 4,130 -4,010
28,554 4,655 -4,520
28,579 5,215 -4,981
28,604 5,670 -5,443
28,629 6,020 -5,783
28,654 6,300 -6,051
28,679 6,615 -6,221
28,704 6,720 -6,367
28,729 6,790 -6,415
28,754 6,790 -6,415
28,779 6,825 -6,342
28,804 6,580 -6,221
28,829 6,300 -6,026
28,854 6,090 -5,759
28,879 5,740 -5,322
28,904 5,215 -4,933
28,929 4,795 -4,520
28,954 4,305 -4,010
28,979 3,640 -3,402
29,004 2,975 -2,819
29,029 2,345 -2,138
29,055 1,575 -1,507
29,080 0,840 -0,753
29,105 0,140 -0,049
29,130 -0,630 0,680
29,155 -1,225 1,361
29,180 -2,030 2,065
29,205 -2,695 2,746
29,230 -3,395 3,475
29,255 -3,990 4,131
29,280 -4,585 4,739
29,305 -5,145 5,249
29,330 -5,670 5,735
29,355 -6,090 6,196
29,380 -6,545 6,537
