0,025 3,360 5,492
0,050 4,900 6,853
0,075 5,250 7,193
0,100 5,320 7,290
0,125 5,355 7,363
0,150 5,320 7,339
0,175 5,285 7,339
0,200 5,390 7,290
0,225 5,355 7,339
0,250 5,250 7,363
0,275 5,355 7,314
0,300 5,320 7,290
0,325 5,215 7,339
0,350 5,320 7,290
0,375 5,285 7,363
0,400 5,355 7,314
0,425 5,250 7,387
0,450 5,320 7,290
0,475 5,285 7,290
0,500 5,390 7,290
0,525 5,285 7,339
0,550 5,285 7,339
0,575 5,285 7,387
0,600 5,425 7,363
0,625 5,355 7,314
0,650 5,355 7,314
0,676 5,320 7,290
0,701 5,390 7,290
0,726 5,390 7,290
0,751 5,250 7,339
0,776 5,215 7,290
0,801 5,285 7,314
0,826 5,390 7,290
0,851 5,390 7,266
0,876 5,355 7,241
0,901 5,355 7,266
0,926 5,390 7,241
0,951 5,425 7,241
0,976 5,285 7,314
1,001 5,320 7,290
1,026 5,320 7,290
1,051 5,285 7,241
1,076 5,355 7,290
1,101 5,425 7,266
1,126 5,180 7,290
1,151 5,285 7,290
1,176 5,285 7,314
1,201 5,355 7,314
1,226 5,355 7,314
1,251 5,390 7,266
1,276 5,250 7,314
1,301 5,320 7,314
1,326 5,250 7,314
1,351 5,320 7,290
1,376 5,250 7,339
1,401 5,250 7,314
1,426 5,320 7,314
1,451 5,285 7,314
1,476 5,390 7,314
1,501 5,390 7,266
1,526 5,355 7,363
1,551 5,390 7,314
1,576 5,285 7,290
1,601 5,390 7,314
1,626 5,425 7,290
1,651 5,460 7,314
1,676 5,355 7,290
1,701 5,390 7,266
1,726 5,355 7,241
1,751 5,495 7,241
1,776 5,390 7,314
1,801 5,530 7,314
1,826 5,425 7,339
1,851 5,460 7,314
1,876 5,390 7,339
1,901 5,495 7,290
1,926 5,495 7,363
1,951 5,425 7,363
1,976 5,425 7,363
2,001 5,390 7,363
2,026 5,390 7,387
2,051 5,390 7,387
2,076 5,390 7,387
2,101 5,425 7,411
2,126 5,390 7,387
2,151 5,460 7,363
2,176 5,355 7,387
2,201 5,425 7,387
2,226 5,320 7,363
2,251 5,390 7,363
2,276 5,425 7,363
2,301 5,425 7,363
2,326 5,425 7,363
2,351 5,425 7,363
2,376 5,390 7,363
2,401 5,460 7,339
2,426 5,425 7,363
2,451 5,355 7,411
2,476 5,425 7,339
2,501 5,495 7,387
2,526 5,460 7,363
2,551 5,460 7,387
2,576 5,355 7,339
2,601 5,530 7,363
2,626 5,530 7,411
2,651 5,425 7,363
2,676 5,390 7,363
2,701 5,495 7,387
2,726 5,495 7,411
2,751 5,495 7,339
2,776 5,425 7,411
2,801 5,425 7,387
2,826 5,530 7,411
2,851 5,495 7,411
2,876 5,530 7,411
2,901 5,495 7,387
2,926 5,495 7,339
2,951 5,425 7,314
2,976 5,390 7,387
3,001 5,460 7,363
3,026 5,425 7,387
3,051 5,425 7,363
3,076 5,355 7,460
3,101 5,390 7,460
3,126 5,425 7,436
3,151 5,425 7,411
3,176 5,460 7,460
3,201 5,390 7,460
3,226 5,355 7,460
3,251 5,460 7,460
3,276 5,460 7,436
3,301 5,460 7,411
3,326 5,530 7,460
3,351 5,565 7,411
3,376 5,495 7,436
3,401 5,530 7,314
3,426 5,565 7,387
3,451 5,600 7,339
3,476 5,530 7,436
3,501 5,460 7,411
3,526 5,425 7,557
3,551 5,530 7,509
3,576 5,425 7,557
3,601 5,460 7,582
3,626 5,425 7,557
3,651 5,460 7,606
3,676 5,425 7,606
3,701 5,460 7,654
3,726 5,425 7,679
3,753 5,390 7,752
3,778 5,460 7,752
3,803 5,390 7,703
3,828 5,530 7,727
3,854 5,495 7,727
3,879 5,565 7,800
3,904 5,600 7,800
3,929 5,635 7,727
3,956 5,635 7,727
3,981 5,635 7,703
4,006 5,635 7,727
4,031 5,740 7,703
4,056 5,705 7,727
4,081 5,880 7,727
4,106 5,880 7,752
4,131 5,810 7,727
4,156 5,845 7,727
4,181 5,810 7,727
4,206 5,845 7,727
4,231 5,880 7,679
4,256 5,845 7,727
4,281 5,880 7,727
4,306 5,775 7,679
4,331 5,810 7,679
4,356 5,740 7,752
4,381 5,775 7,654
4,406 5,670 7,557
4,431 5,565 7,436
4,456 5,390 7,241
4,481 5,075 7,023
4,506 4,830 6,707
4,531 4,375 6,318
4,556 3,920 5,954
4,581 3,395 5,492
4,606 2,975 5,030
4,631 2,380 4,447
4,662 1,785 3,791
4,687 0,980 3,183
4,712 0,245 2,527
4,737 -0,315 1,895
4,762 -0,840 1,191
4,795 -1,610 0,389
4,820 -2,380 -0,219
4,845 -2,905 -0,850
4,877 -3,745 -1,652
4,902 -4,375 -2,211
4,927 -4,865 -2,770
4,952 -5,355 -3,280
4,977 -5,740 -3,718
5,002 -6,160 -4,180
5,027 -6,440 -4,568
5,057 -6,790 -4,884
5,082 -7,070 -5,200
5,107 -7,315 -5,395
5,132 -7,490 -5,540
5,157 -7,420 -5,613
5,182 -7,420 -5,710
5,207 -7,280 -5,662
5,232 -7,175 -5,492
5,257 -7,000 -5,322
5,282 -6,720 -5,127
5,307 -6,370 -4,811
5,332 -5,985 -4,471
5,357 -5,810 -4,107
5,382 -5,285 -3,669
5,407 -4,830 -3,208
5,432 -4,235 -2,649
5,457 -3,780 -2,090
5,482 -3,115 -1,482
5,507 -2,625 -0,875
5,532 -1,890 -0,243
5,557 -1,225 0,413
5,582 -0,560 1,069
5,607 -0,000 1,725
5,632 0,560 2,333
5,657 1,225 3,013
5,682 1,820 3,645
5,707 2,310 4,228
5,732 3,010 4,787
5,757 3,465 5,297
5,782 3,920 5,735
5,807 4,305 6,148
5,832 4,760 6,610
5,857 5,005 6,950
5,882 5,320 7,193
5,907 5,495 7,411
5,932 5,600 7,533
5,957 5,670 7,679
5,982 5,705 7,776
6,007 5,635 7,727
6,032 5,390 7,654
6,057 5,145 7,509
6,082 4,900 7,290
6,107 4,690 7,047
6,132 4,270 6,707
6,157 3,815 6,342
6,182 3,430 5,881
6,207 2,905 5,395
6,232 2,380 4,884
6,257 1,855 4,325
6,282 1,295 3,718
6,307 0,665 3,110
6,332 -0,000 2,479
6,357 -0,665 1,847
6,382 -1,295 1,215
6,407 -1,855 0,510
6,432 -2,415 -0,194
6,457 -3,080 -0,802
6,482 -3,535 -1,458
6,507 -4,165 -2,017
6,532 -4,725 -2,624
6,557 -5,180 -3,232
6,582 -5,530 -3,669
6,607 -5,950 -4,180
6,632 -6,370 -4,544
6,657 -6,650 -4,909
6,682 -6,790 -5,224
6,707 -6,965 -5,492
6,732 -7,105 -5,662
6,757 -7,140 -5,735
6,782 -7,175 -5,808
6,807 -7,140 -5,832
6,832 -7,035 -5,783
6,857 -6,790 -5,662
6,882 -6,650 -5,419
6,907 -6,405 -5,176
6,932 -6,055 -4,836
6,957 -5,670 -4,495
6,982 -5,285 -4,058
7,007 -4,795 -3,572
7,032 -4,305 -3,037
7,057 -3,815 -2,527
7,082 -3,325 -1,968
7,107 -2,800 -1,288
7,132 -2,170 -0,656
7,157 -1,540 0,024
7,182 -0,945 0,680
7,207 -0,350 1,337
7,232 0,140 2,041
7,257 0,875 2,722
7,282 1,435 3,378
7,307 2,030 3,912
7,332 2,520 4,593
7,357 3,045 5,127
7,382 3,465 5,686
7,407 3,920 6,124
7,432 4,305 6,610
7,457 4,620 6,974
7,482 4,830 7,266
7,507 5,145 7,509
7,532 5,320 7,752
7,557 5,390 7,922
7,582 5,390 7,922
7,607 5,355 7,970
7,632 5,250 7,897
7,658 5,145 7,752
7,683 4,900 7,582
7,708 4,655 7,266
7,733 4,235 6,974
7,758 3,920 6,585
7,783 3,535 6,221
7,808 3,010 5,759
7,833 2,520 5,200
7,859 2,065 4,593
7,884 1,470 4,034
7,909 0,945 3,402
7,934 0,315 2,722
7,959 -0,315 2,090
7,984 -0,875 1,361
8,009 -1,435 0,705
8,034 -2,170 0,000
8,059 -2,695 -0,656
8,084 -3,220 -1,361
8,109 -3,780 -1,968
8,134 -4,270 -2,551
8,159 -4,690 -3,135
8,184 -5,145 -3,694
8,209 -5,635 -4,155
8,234 -5,985 -4,617
8,259 -6,195 -5,006
8,284 -6,440 -5,249
8,309 -6,650 -5,565
8,334 -6,895 -5,759
8,359 -7,035 -5,905
8,384 -7,070 -5,929
8,409 -7,000 -5,978
8,434 -6,965 -5,881
8,459 -6,860 -5,783
8,484 -6,720 -5,589
8,509 -6,440 -5,322
8,534 -6,160 -4,957
8,560 -5,810 -4,641
8,585 -5,425 -4,180
8,610 -5,075 -3,694
8,635 -4,585 -3,183
8,660 -4,165 -2,600
8,685 -3,640 -2,041
8,710 -3,150 -1,361
8,735 -2,555 -0,680
8,760 -1,995 0,024
8,785 -1,330 0,680
8,810 -0,770 1,288
8,835 -0,175 1,944
8,860 0,490 2,697
8,885 0,980 3,329
8,910 1,610 3,985
8,935 2,135 4,568
8,960 2,590 5,103
8,985 3,115 5,613
9,010 3,570 6,172
9,035 3,955 6,585
9,060 4,340 6,974
9,085 4,655 7,266
9,110 4,935 7,557
9,135 5,110 7,776
9,160 5,285 7,873
9,185 5,355 7,946
9,210 5,285 7,970
9,235 5,250 7,946
9,260 5,145 7,752
9,285 4,935 7,557
9,311 4,760 7,290
9,336 4,515 6,950
9,361 4,165 6,634
9,386 3,850 6,172
9,411 3,360 5,759
9,436 2,940 5,249
9,461 2,415 4,690
9,486 1,925 4,131
9,511 1,330 3,426
9,536 0,770 2,746
9,562 0,105 2,090
9,587 -0,525 1,361
9,612 -1,050 0,753
9,637 -1,610 0,049
9,662 -2,170 -0,583
9,687 -2,730 -1,312
9,712 -3,360 -1,871
9,737 -3,920 -2,503
9,762 -4,445 -3,062
9,787 -4,830 -3,596
9,816 -5,355 -4,107
9,841 -5,775 -4,544
9,866 -6,125 -4,957
9,891 -6,405 -5,224
9,916 -6,650 -5,516
9,941 -6,895 -5,662
9,966 -6,965 -5,808
9,991 -7,035 -5,808
10,016 -7,070 -5,856
10,041 -7,105 -5,783
10,066 -6,965 -5,662
10,091 -6,755 -5,492
10,116 -6,615 -5,200
10,141 -6,335 -4,909
10,166 -6,055 -4,520
10,191 -5,705 -4,034
10,216 -5,285 -3,621
10,241 -4,865 -3,110
10,266 -4,375 -2,503
10,291 -3,885 -1,944
10,316 -3,395 -1,288
10,341 -2,800 -0,632
10,366 -2,275 0,024
10,391 -1,715 0,680
10,416 -1,085 1,337
10,441 -0,385 1,968
10,466 0,175 2,624
10,491 0,735 3,256
10,516 1,295 3,888
10,541 1,855 4,520
10,566 2,485 5,079
10,591 3,080 5,565
10,616 3,500 6,026
10,641 3,920 6,439
10,666 4,235 6,853
10,691 4,585 7,120
10,716 4,900 7,363
10,741 5,110 7,582
10,766 5,320 7,752
10,791 5,460 7,776
10,816 5,425 7,752
10,841 5,355 7,752
10,866 5,320 7,630
10,891 5,215 7,339
10,916 5,110 7,193
10,941 4,760 6,828
10,966 4,445 6,512
10,991 4,130 6,099
11,016 3,710 5,638
11,041 3,255 5,103
11,066 2,730 4,641
11,091 2,205 4,058
11,116 1,680 3,475
11,141 1,015 2,867
11,166 0,385 2,211
11,191 -0,140 1,579
11,216 -0,735 0,923
11,241 -1,470 0,170
11,266 -1,995 -0,462
11,291 -2,555 -1,021
11,316 -3,150 -1,677
11,341 -3,745 -2,260
11,366 -4,235 -2,794
11,391 -4,690 -3,329
11,416 -5,145 -3,742
11,441 -5,670 -4,252
11,466 -6,125 -4,568
11,491 -6,405 -4,884
11,516 -6,615 -5,152
11,541 -6,790 -5,395
11,566 -7,105 -5,516
11,591 -7,210 -5,613
11,616 -7,245 -5,686
11,641 -7,210 -5,638
11,666 -7,210 -5,467
11,691 -7,070 -5,297
11,716 -6,930 -5,127
11,741 -6,685 -4,836
11,766 -6,405 -4,495
11,791 -6,055 -4,131
11,816 -5,705 -3,645
11,841 -5,250 -3,280
11,866 -4,830 -2,697
11,891 -4,305 -2,163
11,916 -3,780 -1,555
11,941 -3,150 -0,948
11,966 -2,555 -0,316
11,991 -2,030 0,292
12,016 -1,470 0,923
12,041 -0,735 1,555
12,066 -0,105 2,236
12,091 0,525 2,892
12,116 1,120 3,475
12,141 1,785 4,034
12,166 2,275 4,568
12,191 2,835 5,079
12,216 3,255 5,540
12,241 3,850 6,002
12,266 4,270 6,439
12,291 4,655 6,731
12,316 4,935 7,023
12,341 5,250 7,217
12,366 5,425 7,387
12,391 5,565 7,484
12,416 5,635 7,606
12,441 5,635 7,484
12,466 5,565 7,484
12,491 5,460 7,290
12,516 5,285 7,144
12,541 5,040 6,901
12,566 4,795 6,610
12,591 4,480 6,172
12,616 4,025 5,832
12,641 3,500 5,322
12,666 3,045 4,836
12,691 2,590 4,277
12,716 1,890 3,839
12,741 1,295 3,183
12,766 0,630 2,624
12,791 0,035 1,968
12,816 -0,595 1,337
12,841 -1,225 0,680
12,866 -1,820 0,073
12,891 -2,450 -0,535
12,916 -3,080 -1,142
12,941 -3,605 -1,774
12,966 -4,200 -2,333
12,991 -4,725 -2,892
13,016 -5,180 -3,305
13,041 -5,635 -3,766
13,066 -6,055 -4,131
13,091 -6,370 -4,471
13,116 -6,755 -4,811
13,141 -6,930 -5,103
13,166 -7,105 -5,224
13,191 -7,245 -5,443
13,216 -7,385 -5,492
13,241 -7,420 -5,492
13,266 -7,280 -5,443
13,291 -7,140 -5,322
13,316 -6,965 -5,103
13,341 -6,790 -4,957
13,366 -6,510 -4,690
13,391 -6,125 -4,350
13,416 -5,775 -3,961
13,441 -5,355 -3,548
13,466 -4,970 -2,989
13,491 -4,480 -2,527
13,516 -3,885 -1,944
13,541 -3,290 -1,409
13,566 -2,730 -0,802
13,591 -2,135 -0,194
13,616 -1,470 0,437
13,641 -0,875 1,118
13,666 -0,280 1,750
13,691 0,385 2,308
13,716 0,980 2,940
13,741 1,610 3,548
13,766 2,205 4,107
13,791 2,765 4,666
13,816 3,185 5,127
13,841 3,710 5,613
13,866 4,130 6,075
13,891 4,515 6,415
13,916 4,900 6,780
13,941 5,215 7,023
13,966 5,425 7,290
13,991 5,495 7,411
14,016 5,565 7,533
14,041 5,670 7,509
14,066 5,495 7,533
14,091 5,460 7,436
14,116 5,285 7,266
14,141 5,145 7,023
14,166 4,690 6,828
14,191 4,410 6,561
14,216 3,955 6,221
14,241 3,605 5,783
14,266 3,080 5,322
14,291 2,590 4,787
14,316 2,030 4,252
14,341 1,435 3,645
14,366 0,805 3,086
14,391 0,210 2,454
14,416 -0,455 1,847
14,441 -1,015 1,191
14,466 -1,715 0,632
14,491 -2,345 -0,024
14,516 -2,975 -0,656
14,541 -3,500 -1,312
14,566 -4,095 -1,920
14,591 -4,585 -2,430
14,616 -5,005 -2,989
14,641 -5,460 -3,499
14,666 -5,950 -3,912
14,691 -6,195 -4,325
14,716 -6,475 -4,617
14,741 -6,825 -4,957
14,766 -6,930 -5,176
14,791 -7,070 -5,346
14,816 -7,140 -5,492
14,841 -7,140 -5,589
14,866 -7,105 -5,540
14,891 -7,140 -5,492
14,916 -6,930 -5,395
14,941 -6,720 -5,224
14,966 -6,405 -5,030
14,991 -6,090 -4,714
15,016 -5,775 -4,374
15,041 -5,425 -3,912
15,068 -4,900 -3,475
15,093 -4,410 -2,965
15,118 -3,920 -2,430
15,143 -3,395 -1,871
15,168 -2,800 -1,288
15,193 -2,205 -0,607
15,218 -1,645 0,049
15,243 -1,015 0,705
15,268 -0,455 1,337
15,293 0,280 1,944
15,318 0,840 2,600
15,343 1,365 3,208
15,368 1,960 3,766
15,393 2,450 4,325
15,418 3,010 4,933
15,443 3,570 5,419
15,468 3,885 5,929
15,493 4,270 6,367
15,518 4,515 6,707
15,543 4,865 7,023
15,568 5,110 7,266
15,593 5,285 7,436
15,618 5,285 7,606
15,643 5,390 7,679
15,668 5,390 7,727
15,693 5,285 7,606
15,718 5,040 7,509
15,743 4,935 7,339
15,768 4,655 7,168
15,793 4,410 6,828
15,818 3,885 6,561
15,843 3,570 6,099
15,868 3,150 5,662
15,893 2,660 5,103
15,918 1,995 4,666
15,943 1,505 4,058
15,968 0,875 3,475
15,993 0,420 2,843
16,018 -0,210 2,163
16,043 -0,910 1,507
16,068 -1,540 0,899
16,093 -2,030 0,219
16,118 -2,765 -0,437
16,143 -3,220 -1,069
16,168 -3,745 -1,652
16,193 -4,305 -2,260
16,218 -4,795 -2,819
16,243 -5,145 -3,378
16,268 -5,495 -3,839
16,293 -5,775 -4,350
16,318 -6,195 -4,690
16,343 -6,510 -5,030
16,368 -6,650 -5,224
16,393 -6,860 -5,443
16,418 -6,895 -5,662
16,443 -6,965 -5,735
16,468 -7,035 -5,710
16,493 -6,860 -5,759
16,518 -6,720 -5,589
16,543 -6,580 -5,467
16,568 -6,405 -5,200
16,593 -6,125 -4,909
16,618 -5,880 -4,568
16,643 -5,390 -4,180
16,668 -5,040 -3,669
16,693 -4,585 -3,232
16,718 -4,095 -2,697
16,743 -3,500 -2,187
16,768 -3,045 -1,482
16,793 -2,450 -0,923
16,818 -1,855 -0,219
16,843 -1,330 0,389
16,868 -0,770 1,069
16,893 -0,140 1,774
16,918 0,385 2,430
16,943 0,980 3,062
16,968 1,505 3,694
16,993 2,065 4,252
17,018 2,625 4,860
17,043 3,045 5,395
17,068 3,430 5,881
17,093 3,815 6,269
17,118 4,165 6,682
17,143 4,620 7,047
17,168 4,830 7,290
17,193 4,970 7,533
17,218 5,145 7,703
17,243 5,180 7,776
17,268 5,110 7,825
17,293 5,110 7,800
17,318 5,005 7,703
17,343 4,795 7,533
17,368 4,795 7,339
17,393 4,410 7,047
17,418 4,130 6,707
17,443 3,710 6,318
17,468 3,290 5,856
17,493 2,835 5,346
17,518 2,345 4,787
17,543 1,820 4,277
17,568 1,330 3,645
17,593 0,735 3,013
17,618 0,175 2,357
17,643 -0,420 1,750
17,668 -1,085 1,069
17,693 -1,540 0,413
17,718 -2,170 -0,316
17,743 -2,695 -0,923
17,768 -3,290 -1,579
17,793 -3,780 -2,187
17,818 -4,270 -2,770
17,843 -4,760 -3,280
17,868 -5,145 -3,766
17,893 -5,530 -4,180
17,918 -5,845 -4,593
17,943 -6,160 -4,933
17,968 -6,265 -5,297
17,993 -6,580 -5,516
18,018 -6,685 -5,662
18,043 -6,790 -5,759
18,068 -6,895 -5,783
18,093 -7,000 -5,783
18,118 -6,825 -5,759
18,143 -6,650 -5,540
18,168 -6,475 -5,273
18,193 -6,335 -5,006
18,218 -5,950 -4,714
18,243 -5,740 -4,301
18,268 -5,320 -3,864
18,293 -5,005 -3,329
18,318 -4,515 -2,794
18,343 -4,060 -2,236
18,368 -3,465 -1,604
18,393 -3,010 -0,996
18,418 -2,380 -0,389
18,443 -1,890 0,316
18,468 -1,260 0,972
18,493 -0,665 1,652
18,518 -0,035 2,236
18,543 0,455 2,940
18,568 1,015 3,572
18,593 1,610 4,204
18,618 2,135 4,739
18,643 2,625 5,273
18,668 3,045 5,735
18,693 3,605 6,221
18,718 3,955 6,634
18,743 4,305 6,901
18,768 4,585 7,144
18,793 4,795 7,484
18,818 4,935 7,582
18,843 5,145 7,703
18,868 5,250 7,727
18,893 5,145 7,752
18,918 5,145 7,679
18,943 5,075 7,484
18,968 4,935 7,266
18,993 4,690 7,023
19,018 4,445 6,658
19,043 4,130 6,269
19,068 3,745 5,856
19,093 3,220 5,419
19,118 2,835 4,884
19,143 2,240 4,374
19,168 1,820 3,694
19,193 1,155 3,110
19,218 0,560 2,454
19,243 -0,035 1,847
19,268 -0,560 1,142
19,293 -1,120 0,510
19,318 -1,715 -0,146
19,343 -2,275 -0,729
19,368 -2,800 -1,409
19,393 -3,430 -1,993
19,418 -3,920 -2,527
19,443 -4,340 -3,086
19,468 -4,900 -3,621
19,493 -5,285 -4,010
19,518 -5,670 -4,447
19,543 -6,055 -4,787
19,568 -6,265 -5,079
19,593 -6,510 -5,322
19,618 -6,720 -5,443
19,643 -6,930 -5,540
19,668 -6,965 -5,662
19,693 -6,965 -5,613
19,718 -6,930 -5,540
19,743 -6,895 -5,419
19,768 -6,755 -5,224
19,793 -6,580 -4,933
19,818 -6,370 -4,641
19,843 -6,055 -4,204
19,868 -5,635 -3,864
19,893 -5,425 -3,402
19,918 -4,935 -2,867
19,943 -4,410 -2,308
19,968 -3,885 -1,750
19,993 -3,290 -1,166
20,018 -2,765 -0,510
20,043 -2,240 0,097
20,068 -1,680 0,753
20,093 -1,120 1,361
20,118 -0,385 1,993
20,143 0,105 2,673
20,168 0,770 3,232
20,193 1,330 3,864
20,218 1,890 4,398
20,243 2,380 4,957
20,268 2,835 5,370
20,293 3,430 5,856
20,318 3,920 6,245
20,343 4,165 6,634
20,368 4,620 6,853
20,393 4,795 7,120
20,418 5,145 7,314
20,443 5,320 7,436
20,468 5,355 7,509
20,493 5,390 7,484
20,518 5,390 7,436
20,543 5,285 7,363
20,568 5,180 7,193
20,593 5,075 6,974
20,618 4,760 6,658
20,643 4,410 6,294
20,668 4,025 5,905
20,693 3,570 5,467
20,718 3,255 5,006
20,743 2,765 4,520
20,768 2,170 3,912
20,793 1,505 3,402
20,818 0,910 2,770
20,843 0,420 2,163
20,868 -0,175 1,482
20,893 -0,805 0,875
20,918 -1,365 0,243
20,943 -1,995 -0,340
20,968 -2,555 -0,948
20,993 -3,080 -1,531
21,018 -3,710 -2,114
21,043 -4,305 -2,649
21,068 -4,830 -3,183
21,093 -5,250 -3,596
21,118 -5,600 -3,985
21,143 -6,020 -4,398
21,168 -6,300 -4,739
21,193 -6,545 -4,933
21,218 -6,825 -5,200
21,243 -7,035 -5,297
21,268 -7,070 -5,467
21,293 -7,070 -5,419
21,318 -7,140 -5,419
21,343 -7,140 -5,297
21,368 -7,000 -5,079
21,393 -6,720 -4,884
21,418 -6,545 -4,690
21,443 -6,230 -4,325
21,468 -5,915 -3,985
21,493 -5,530 -3,523
21,518 -5,180 -3,037
21,543 -4,690 -2,576
21,568 -4,235 -2,041
21,593 -3,640 -1,531
21,618 -3,045 -0,948
21,643 -2,450 -0,364
21,668 -1,890 0,267
21,693 -1,225 0,899
21,718 -0,700 1,579
21,743 0,035 2,138
21,768 0,595 2,770
21,793 1,155 3,305
21,818 1,750 3,864
21,843 2,380 4,471
21,868 2,940 4,981
21,893 3,395 5,395
21,918 3,885 5,808
21,943 4,235 6,196
21,968 4,550 6,561
21,993 4,900 6,828
22,018 5,145 7,023
22,043 5,460 7,193
22,068 5,495 7,314
22,093 5,600 7,339
22,118 5,495 7,363
22,143 5,460 7,314
22,168 5,250 7,168
22,193 5,180 6,998
22,218 4,865 6,731
22,243 4,550 6,439
22,268 4,165 6,124
22,293 3,780 5,686
22,318 3,255 5,297
22,343 2,800 4,836
22,368 2,275 4,325
22,393 1,715 3,766
22,418 1,085 3,208
22,443 0,595 2,576
22,468 -0,070 2,017
22,493 -0,595 1,361
22,518 -1,400 0,778
22,543 -1,960 0,121
22,568 -2,555 -0,462
22,593 -3,080 -1,045
22,618 -3,710 -1,628
22,643 -4,235 -2,163
22,668 -4,725 -2,697
22,693 -5,145 -3,183
22,718 -5,565 -3,596
22,743 -5,950 -3,985
22,768 -6,300 -4,325
22,793 -6,615 -4,666
22,818 -6,790 -4,909
22,843 -7,035 -5,176
22,868 -7,070 -5,273
22,893 -7,070 -5,370
22,918 -7,140 -5,346
22,943 -7,035 -5,322
22,968 -6,930 -5,249
22,993 -6,755 -5,079
23,018 -6,615 -4,811
23,043 -6,300 -4,568
23,068 -6,020 -4,228
23,093 -5,635 -3,791
23,118 -5,215 -3,402
23,143 -4,760 -2,965
23,168 -4,235 -2,503
23,193 -3,745 -1,993
23,218 -3,185 -1,409
23,243 -2,555 -0,850
23,268 -2,065 -0,243
23,293 -1,365 0,389
23,318 -0,735 1,045
23,343 -0,070 1,604
23,368 0,455 2,236
23,393 1,050 2,843
23,418 1,505 3,475
23,443 2,135 3,985
23,468 2,730 4,520
23,493 3,185 5,006
23,518 3,570 5,516
23,543 4,095 5,929
23,568 4,445 6,342
23,593 4,760 6,658
23,618 5,005 6,950
23,643 5,110 7,144
23,668 5,285 7,314
23,693 5,355 7,363
23,718 5,320 7,460
23,743 5,320 7,436
23,768 5,180 7,387
23,793 5,040 7,241
23,818 4,760 7,047
23,843 4,480 6,755
23,868 4,165 6,488
23,893 3,780 6,148
23,918 3,360 5,735
23,943 2,835 5,249
23,968 2,310 4,787
23,993 1,855 4,301
24,018 1,225 3,718
24,043 0,700 3,110
24,068 0,070 2,527
24,093 -0,525 1,895
24,118 -1,190 1,239
24,143 -1,715 0,632
24,168 -2,345 0,024
24,193 -2,835 -0,632
24,218 -3,430 -1,239
24,243 -3,955 -1,847
24,268 -4,480 -2,381
24,293 -4,830 -2,940
24,318 -5,355 -3,426
24,343 -5,740 -3,864
24,368 -6,090 -4,301
24,393 -6,335 -4,593
24,418 -6,510 -4,884
24,443 -6,685 -5,127
24,468 -6,860 -5,322
24,493 -6,895 -5,443
24,518 -7,000 -5,443
24,543 -6,895 -5,492
24,568 -6,825 -5,419
24,593 -6,720 -5,322
24,618 -6,580 -5,152
24,643 -6,125 -4,884
24,668 -5,985 -4,568
24,693 -5,600 -4,228
24,718 -5,250 -3,839
24,743 -4,795 -3,426
24,768 -4,305 -2,867
24,793 -3,745 -2,406
24,818 -3,325 -1,871
24,843 -2,730 -1,215
24,868 -2,275 -0,583
24,893 -1,645 0,049
24,918 -1,050 0,680
24,943 -0,385 1,288
24,968 0,175 1,920
24,993 0,840 2,551
25,018 1,330 3,208
25,043 1,890 3,791
25,068 2,415 4,350
25,093 2,940 4,836
25,118 3,255 5,419
25,143 3,675 5,832
25,168 4,130 6,294
25,193 4,375 6,585
25,218 4,655 6,974
25,243 4,865 7,217
25,268 5,075 7,436
25,293 5,215 7,533
25,318 5,180 7,630
25,343 5,180 7,630
25,368 5,040 7,606
25,393 4,900 7,460
25,418 4,725 7,339
25,443 4,480 7,047
25,468 4,165 6,755
25,493 3,885 6,367
25,518 3,430 6,026
25,543 2,975 5,565
25,568 2,485 5,127
25,593 1,960 4,520
25,618 1,470 4,010
25,643 0,945 3,353
25,668 0,385 2,770
25,693 -0,210 2,163
25,718 -0,805 1,507
25,743 -1,435 0,875
25,768 -1,995 0,267
25,793 -2,485 -0,437
25,818 -3,045 -1,069
25,843 -3,500 -1,725
25,868 -3,920 -2,284
25,893 -4,480 -2,794
25,918 -4,865 -3,329
25,943 -5,285 -3,839
25,968 -5,775 -4,204
25,993 -6,020 -4,641
26,018 -6,195 -4,884
26,043 -6,405 -5,200
26,069 -6,615 -5,395
26,094 -6,650 -5,589
26,119 -6,790 -5,662
26,144 -6,720 -5,686
26,169 -6,615 -5,662
26,194 -6,615 -5,492
26,219 -6,580 -5,346
26,244 -6,335 -5,079
26,269 -6,055 -4,763
26,294 -5,670 -4,423
26,319 -5,355 -4,058
26,344 -4,970 -3,621
26,369 -4,620 -3,159
26,394 -4,095 -2,624
26,419 -3,675 -2,041
26,444 -2,975 -1,434
26,469 -2,590 -0,826
26,494 -1,960 -0,170
26,519 -1,575 0,535
26,544 -0,945 1,093
26,569 -0,385 1,798
26,594 0,280 2,381
26,619 0,840 3,037
26,644 1,330 3,669
26,669 1,960 4,325
26,694 2,415 4,763
26,719 2,835 5,322
26,744 3,360 5,783
26,769 3,780 6,245
26,794 4,130 6,610
26,819 4,375 6,974
26,844 4,620 7,193
26,869 4,725 7,436
26,894 4,865 7,582
26,919 5,040 7,679
26,944 5,075 7,654
26,969 5,110 7,630
26,994 4,900 7,509
27,019 4,760 7,363
27,044 4,620 7,144
27,069 4,270 6,877
27,094 3,990 6,512
27,119 3,710 6,148
27,144 3,325 5,638
27,169 2,765 5,152
27,194 2,380 4,666
27,219 1,820 4,107
27,244 1,225 3,499
27,269 0,805 2,892
27,294 0,245 2,260
27,319 -0,315 1,604
27,344 -0,875 0,972
27,369 -1,435 0,364
27,394 -2,030 -0,340
27,419 -2,590 -0,972
27,444 -3,150 -1,604
27,469 -3,570 -2,211
27,494 -4,130 -2,770
27,519 -4,690 -3,232
27,544 -5,005 -3,694
27,569 -5,320 -4,107
27,594 -5,670 -4,544
27,619 -6,055 -4,884
27,644 -6,195 -5,127
27,669 -6,475 -5,297
27,694 -6,580 -5,516
27,719 -6,720 -5,613
27,744 -6,790 -5,638
27,769 -6,720 -5,516
27,794 -6,720 -5,419
27,819 -6,580 -5,273
27,844 -6,405 -5,103
27,869 -6,195 -4,836
27,894 -5,915 -4,471
27,919 -5,635 -4,082
27,944 -5,320 -3,621
27,969 -4,900 -3,208
27,994 -4,480 -2,673
28,019 -4,095 -2,114
28,044 -3,570 -1,507
28,069 -3,045 -0,850
28,094 -2,415 -0,292
28,119 -1,820 0,340
28,144 -1,400 0,972
28,169 -0,735 1,652
28,194 -0,175 2,260
28,219 0,455 2,916
28,244 0,980 3,499
28,269 1,540 4,058
28,294 2,065 4,617
28,319 2,625 5,152
28,344 3,010 5,735
28,369 3,535 6,099
28,394 3,885 6,439
28,419 4,165 6,780
28,444 4,480 7,023
28,469 4,760 7,217
28,494 4,935 7,436
28,519 5,075 7,484
28,544 5,180 7,557
28,569 5,250 7,509
28,594 5,145 7,436
28,619 5,005 7,241
28,644 4,795 7,047
28,669 4,655 6,780
28,694 4,375 6,488
28,719 3,990 6,099
28,744 3,640 5,686
28,769 3,220 5,152
28,794 2,800 4,714
28,819 2,345 4,180
28,844 1,750 3,669
28,869 1,190 3,062
28,894 0,665 2,381
28,919 0,105 1,750
28,944 -0,490 1,118
28,969 -1,050 0,510
28,994 -1,680 -0,146
29,019 -2,205 -0,729
29,044 -2,800 -1,312
29,069 -3,360 -1,895
29,094 -3,920 -2,430
29,119 -4,410 -2,940
29,144 -4,900 -3,378
29,169 -5,215 -3,839
29,194 -5,635 -4,131
29,219 -5,985 -4,520
29,244 -6,265 -4,836
29,269 -6,580 -5,079
29,294 -6,685 -5,176
29,319 -6,825 -5,297
29,344 -6,895 -5,322
29,369 -6,895 -5,346
29,394 -6,860 -5,297
29,419 -6,790 -5,152
29,444 -6,615 -4,981
29,469 -6,405 -4,690
29,494 -6,230 -4,398
29,519 -6,020 -4,058
29,544 -5,635 -3,669
29,569 -5,215 -3,280
29,594 -4,725 -2,746
29,619 -4,235 -2,260
29,644 -3,885 -1,677
29,669 -3,290 -1,118
29,694 -2,870 -0,437
29,719 -2,205 0,097
29,744 -1,645 0,778
29,769 -1,015 1,337
29,794 -0,455 1,993
29,819 0,140 2,551
29,844 0,770 3,183
29,869 1,330 3,766
29,894 1,925 4,277
29,919 2,310 4,763
29,944 2,870 5,249
29,969 3,360 5,613
29,994 3,780 6,075
30,019 4,200 6,415
30,044 4,480 6,707
30,069 4,830 6,925
30,094 5,040 7,120
30,119 5,215 7,193
30,144 5,250 7,290
30,169 5,320 7,241
30,194 5,250 7,266
30,219 5,180 7,096
30,244 4,970 6,950
30,269 4,865 6,755
30,294 4,585 6,512
30,319 4,235 6,148
30,344 3,815 5,808
30,369 3,605 5,346
30,394 3,045 4,909
30,419 2,555 4,374
30,444 2,030 3,888
30,469 1,575 3,329
30,494 0,910 2,746
30,519 0,315 2,090
30,544 -0,245 1,507
30,569 -0,910 0,923
30,594 -1,610 0,340
30,619 -2,100 -0,243
30,644 -2,695 -0,826
30,669 -3,255 -1,409
30,694 -3,850 -1,920
30,719 -4,270 -2,454
30,744 -4,830 -2,965
30,769 -5,215 -3,402
30,794 -5,635 -3,791
30,819 -5,950 -4,155
30,844 -6,300 -4,471
30,869 -6,510 -4,787
30,894 -6,895 -4,933
30,919 -6,965 -5,054
30,944 -7,000 -5,176
30,969 -7,035 -5,224
30,994 -7,000 -5,152
31,019 -6,965 -5,127
31,044 -6,860 -4,933
31,070 -6,545 -4,836
31,095 -6,405 -4,544
31,120 -6,090 -4,155
31,145 -5,810 -3,815
31,170 -5,425 -3,475
31,195 -5,005 -3,013
31,220 -4,480 -2,527
31,245 -3,990 -2,090
31,270 -3,500 -1,507
31,295 -2,975 -0,948
31,320 -2,450 -0,364
31,345 -1,715 0,219
31,370 -1,120 0,826
31,395 -0,595 1,458
31,420 0,210 2,041
31,445 0,735 2,673
31,470 1,330 3,305
31,495 1,820 3,815
31,520 2,380 4,325
31,545 2,870 4,860
31,570 3,395 5,249
31,595 3,815 5,662
31,620 4,305 6,026
31,645 4,550 6,439
31,670 4,865 6,610
31,695 5,040 6,901
31,720 5,215 7,096
